   1.0000000000000000e+00   -5.6779999999999999e+00    1.0000000000000000e+00
   1.0100000000000000e+00   -5.6217821782178214e+00    9.9999999999999967e-01
   1.0200000000000000e+00   -5.5666666666666664e+00    1.0000000000000002e+00
   1.0300000000000000e+00   -5.5126213592233011e+00    1.0000000000000002e+00
   1.0400000000000000e+00   -5.4596153846153843e+00    1.0000000000000002e+00
   1.0500000000000000e+00   -5.4076190476190478e+00    1.0000000000000000e+00
   1.0600000000000001e+00   -5.3566037735849052e+00    1.0000000000000000e+00
   1.0700000000000001e+00   -5.3065420560747656e+00    1.0000000000000000e+00
   1.0800000000000001e+00   -5.2574074074074071e+00    1.0000000000000000e+00
   1.0900000000000001e+00   -5.2091743119266054e+00    9.9999999999999967e-01
   1.1000000000000001e+00   -5.1618181818181812e+00    1.0000000000000000e+00
   1.1100000000000001e+00   -5.1153153153153150e+00    1.0000000000000000e+00
   1.1200000000000001e+00   -5.0696428571428562e+00    9.9999999999999989e-01
   1.1300000000000001e+00   -5.0247787610619463e+00    9.9999999999999989e-01
   1.1400000000000001e+00   -4.9807017543859642e+00    1.0000000000000000e+00
   1.1500000000000001e+00   -4.9373913043478250e+00    1.0000000000000000e+00
   1.1600000000000001e+00   -4.8948275862068957e+00    1.0000000000000000e+00
   1.1700000000000002e+00   -4.8529914529914526e+00    1.0000000000000000e+00
   1.1800000000000002e+00   -4.8118644067796605e+00    1.0000000000000000e+00
   1.1900000000000002e+00   -4.7714285714285705e+00    1.0000000000000000e+00
   1.2000000000000002e+00   -4.7316666666666656e+00    9.9999999999999989e-01
   1.2100000000000002e+00   -4.6925619834710739e+00    9.9999999999999989e-01
   1.2200000000000002e+00   -4.6540983606557367e+00    9.9999999999999989e-01
   1.2300000000000002e+00   -4.6162601626016251e+00    1.0000000000000000e+00
   1.2400000000000002e+00   -4.5790322580645153e+00    1.0000000000000000e+00
   1.2500000000000002e+00   -4.5423999999999989e+00    9.9999999999999989e-01
   1.2600000000000002e+00   -4.5063492063492054e+00    9.9999999999999978e-01
   1.2700000000000002e+00   -4.4708661417322828e+00    1.0000000000000000e+00
   1.2800000000000002e+00   -4.4359374999999988e+00    1.0000000000000002e+00
   1.2900000000000003e+00   -4.4015503875968980e+00    1.0000000000000000e+00
   1.3000000000000003e+00   -4.3676923076923071e+00    1.0000000000000000e+00
   1.3100000000000003e+00   -4.3343511450381671e+00    9.9999999999999978e-01
   1.3200000000000003e+00   -4.3015151515151508e+00    1.0000000000000002e+00
   1.3300000000000003e+00   -4.2691729323308261e+00    1.0000000000000000e+00
   1.3400000000000003e+00   -4.2373134328358200e+00    1.0000000000000000e+00
   1.3500000000000003e+00   -4.2059259259259250e+00    9.9999999999999978e-01
   1.3600000000000003e+00   -4.1749999999999989e+00    1.0000000000000000e+00
   1.3700000000000003e+00   -4.1445255474452543e+00    1.0000000000000000e+00
   1.3800000000000003e+00   -4.1144927536231872e+00    1.0000000000000000e+00
   1.3900000000000003e+00   -4.0848920863309344e+00    1.0000000000000000e+00
   1.4000000000000004e+00   -4.0557142857142843e+00    1.0000000000000000e+00
   1.4100000000000004e+00   -4.0269503546099283e+00    1.0000000000000002e+00
   1.4200000000000004e+00   -3.9985915492957735e+00    1.0000000000000002e+00
   1.4300000000000004e+00   -3.9706293706293696e+00    1.0000000000000000e+00
   1.4400000000000004e+00   -3.9430555555555546e+00    9.9999999999999956e-01
   1.4500000000000004e+00   -3.9158620689655161e+00    1.0000000000000007e+00
   1.4600000000000004e+00   -3.8890410958904100e+00    9.9999999999999989e-01
   1.4700000000000004e+00   -3.8625850340136041e+00    1.0000000000000000e+00
   1.4800000000000004e+00   -3.8364864864864852e+00    1.0000000000000000e+00
   1.4900000000000004e+00   -3.8107382550335558e+00    1.0000000000000002e+00
   1.5000000000000004e+00   -3.7853333333333321e+00    9.9999999999999989e-01
   1.5100000000000005e+00   -3.7602649006622504e+00    1.0000000000000002e+00
   1.5200000000000005e+00   -3.7355263157894725e+00    1.0000000000000000e+00
   1.5300000000000005e+00   -3.7111111111111099e+00    9.9999999999999989e-01
   1.5400000000000005e+00   -3.6870129870129857e+00    1.0000000000000002e+00
   1.5500000000000005e+00   -3.6632258064516119e+00    1.0000000000000002e+00
   1.5600000000000005e+00   -3.6397435897435884e+00    1.0000000000000004e+00
   1.5700000000000005e+00   -3.6165605095541391e+00    1.0000000000000000e+00
   1.5800000000000005e+00   -3.5936708860759481e+00    9.9999999999999989e-01
   1.5900000000000005e+00   -3.5710691823899361e+00    1.0000000000000002e+00
   1.6000000000000005e+00   -3.5487499999999987e+00    1.0000000000000002e+00
   1.6100000000000005e+00   -3.5267080745341604e+00    1.0000000000000000e+00
   1.6200000000000006e+00   -3.5049382716049369e+00    1.0000000000000000e+00
   1.6300000000000006e+00   -3.4834355828220849e+00    9.9999999999999989e-01
   1.6400000000000006e+00   -3.4621951219512184e+00    1.0000000000000004e+00
   1.6500000000000006e+00   -3.4412121212121201e+00    9.9999999999999978e-01
   1.6600000000000006e+00   -3.4204819277108420e+00    1.0000000000000002e+00
   1.6700000000000006e+00   -3.3999999999999986e+00    1.0000000000000000e+00
   1.6800000000000006e+00   -3.3797619047619034e+00    1.0000000000000002e+00
   1.6900000000000006e+00   -3.3597633136094660e+00    1.0000000000000000e+00
   1.7000000000000006e+00   -3.3399999999999985e+00    9.9999999999999967e-01
   1.7100000000000006e+00   -3.3204678362573086e+00    1.0000000000000000e+00
   1.7200000000000006e+00   -3.3011627906976733e+00    1.0000000000000004e+00
   1.7300000000000006e+00   -3.2820809248554901e+00    1.0000000000000000e+00
   1.7400000000000007e+00   -3.2632183908045964e+00    1.0000000000000002e+00
   1.7500000000000007e+00   -3.2445714285714273e+00    9.9999999999999989e-01
   1.7600000000000007e+00   -3.2261363636363622e+00    1.0000000000000002e+00
   1.7700000000000007e+00   -3.2079096045197728e+00    9.9999999999999944e-01
   1.7800000000000007e+00   -3.1898876404494367e+00    9.9999999999999967e-01
   1.7900000000000007e+00   -3.1720670391061438e+00    1.0000000000000000e+00
   1.8000000000000007e+00   -3.1544444444444433e+00    1.0000000000000000e+00
   1.8100000000000007e+00   -3.1370165745856342e+00    9.9999999999999967e-01
   1.8200000000000007e+00   -3.1197802197802185e+00    1.0000000000000002e+00
   1.8300000000000007e+00   -3.1027322404371573e+00    1.0000000000000002e+00
   1.8400000000000007e+00   -3.0858695652173900e+00    9.9999999999999978e-01
   1.8500000000000008e+00   -3.0691891891891880e+00    1.0000000000000009e+00
   1.8600000000000008e+00   -3.0526881720430095e+00    1.0000000000000004e+00
   1.8700000000000008e+00   -3.0363636363636353e+00    9.9999999999999911e-01
   1.8800000000000008e+00   -3.0202127659574454e+00    1.0000000000000000e+00
   1.8900000000000008e+00   -3.0042328042328030e+00    1.0000000000000002e+00
   1.9000000000000008e+00   -2.9884210526315775e+00    1.0000000000000002e+00
   1.9100000000000008e+00   -2.9727748691099465e+00    9.9999999999999989e-01
   1.9200000000000008e+00   -2.9572916666666655e+00    9.9999999999999956e-01
   1.9300000000000008e+00   -2.9419689119170971e+00    9.9999999999999978e-01
   1.9400000000000008e+00   -2.9268041237113391e+00    9.9999999999999922e-01
   1.9500000000000008e+00   -2.9117948717948705e+00    9.9999999999999944e-01
   1.9600000000000009e+00   -2.8969387755102027e+00    1.0000000000000007e+00
   1.9700000000000009e+00   -2.8822335025380696e+00    1.0000000000000007e+00
   1.9800000000000009e+00   -2.8676767676767665e+00    1.0000000000000002e+00
   1.9900000000000009e+00   -2.8532663316582902e+00    1.0000000000000004e+00
   2.0000000000000009e+00   -2.8389999999999986e+00    9.9999999999999956e-01
   2.0100000000000007e+00   -2.8248756218905462e+00    1.0000000000000009e+00
   2.0200000000000005e+00   -2.8108910891089103e+00    9.9999999999999911e-01
   2.0300000000000002e+00   -2.7970443349753689e+00    1.0000000000000002e+00
   2.0400000000000000e+00   -2.7833333333333332e+00    9.9999999999999978e-01
   2.0499999999999998e+00   -2.7697560975609758e+00    9.9999999999999956e-01
   2.0599999999999996e+00   -2.7563106796116510e+00    9.9999999999999967e-01
   2.0699999999999994e+00   -2.7429951690821266e+00    9.9999999999999922e-01
   2.0799999999999992e+00   -2.7298076923076935e+00    1.0000000000000002e+00
   2.0899999999999990e+00   -2.7167464114832547e+00    1.0000000000000004e+00
   2.0999999999999988e+00   -2.7038095238095252e+00    1.0000000000000007e+00
   2.1099999999999985e+00   -2.6909952606635090e+00    1.0000000000000000e+00
   2.1199999999999983e+00   -2.6783018867924548e+00    1.0000000000000004e+00
   2.1299999999999981e+00   -2.6657276995305188e+00    1.0000000000000007e+00
   2.1399999999999979e+00   -2.6532710280373859e+00    1.0000000000000007e+00
   2.1499999999999977e+00   -2.6409302325581425e+00    9.9999999999999911e-01
   2.1599999999999975e+00   -2.6287037037037067e+00    1.0000000000000000e+00
   2.1699999999999973e+00   -2.6165898617511552e+00    1.0000000000000002e+00
   2.1799999999999971e+00   -2.6045871559633063e+00    1.0000000000000002e+00
   2.1899999999999968e+00   -2.5926940639269445e+00    9.9999999999999944e-01
   2.1999999999999966e+00   -2.5809090909090950e+00    9.9999999999999978e-01
   2.2099999999999964e+00   -2.5692307692307734e+00    1.0000000000000000e+00
   2.2199999999999962e+00   -2.5576576576576620e+00    9.9999999999999989e-01
   2.2299999999999960e+00   -2.5461883408071793e+00    9.9999999999999956e-01
   2.2399999999999958e+00   -2.5348214285714334e+00    9.9999999999999944e-01
   2.2499999999999956e+00   -2.5235555555555607e+00    1.0000000000000004e+00
   2.2599999999999953e+00   -2.5123893805309785e+00    9.9999999999999956e-01
   2.2699999999999951e+00   -2.5013215859030891e+00    1.0000000000000004e+00
   2.2799999999999949e+00   -2.4903508771929879e+00    9.9999999999999967e-01
   2.2899999999999947e+00   -2.4794759825327568e+00    1.0000000000000000e+00
   2.2999999999999945e+00   -2.4686956521739187e+00    9.9999999999999978e-01
   2.3099999999999943e+00   -2.4580086580086640e+00    1.0000000000000002e+00
   2.3199999999999941e+00   -2.4474137931034545e+00    9.9999999999999944e-01
   2.3299999999999939e+00   -2.4369098712446418e+00    1.0000000000000004e+00
   2.3399999999999936e+00   -2.4264957264957330e+00    1.0000000000000000e+00
   2.3499999999999934e+00   -2.4161702127659641e+00    1.0000000000000004e+00
   2.3599999999999932e+00   -2.4059322033898374e+00    9.9999999999999967e-01
   2.3699999999999930e+00   -2.3957805907173064e+00    1.0000000000000004e+00
   2.3799999999999928e+00   -2.3857142857142928e+00    1.0000000000000002e+00
   2.3899999999999926e+00   -2.3757322175732289e+00    1.0000000000000007e+00
   2.3999999999999924e+00   -2.3658333333333408e+00    9.9999999999999933e-01
   2.4099999999999921e+00   -2.3560165975103811e+00    9.9999999999999967e-01
   2.4199999999999919e+00   -2.3462809917355449e+00    9.9999999999999944e-01
   2.4299999999999917e+00   -2.3366255144033001e+00    1.0000000000000004e+00
   2.4399999999999915e+00   -2.3270491803278768e+00    9.9999999999999956e-01
   2.4499999999999913e+00   -2.3175510204081715e+00    1.0000000000000004e+00
   2.4599999999999911e+00   -2.3081300813008214e+00    1.0000000000000002e+00
   2.4699999999999909e+00   -2.2987854251012232e+00    1.0000000000000002e+00
   2.4799999999999907e+00   -2.2895161290322665e+00    9.9999999999999978e-01
   2.4899999999999904e+00   -2.2803212851405710e+00    9.9999999999999967e-01
   2.4999999999999902e+00   -2.2712000000000088e+00    1.0000000000000009e+00
   2.5099999999999900e+00   -2.2621513944223199e+00    9.9999999999999989e-01
   2.5199999999999898e+00   -2.2531746031746120e+00    1.0000000000000004e+00
   2.5299999999999896e+00   -2.2442687747035666e+00    1.0000000000000009e+00
   2.5399999999999894e+00   -2.2354330708661512e+00    9.9999999999999878e-01
   2.5499999999999892e+00   -2.2266666666666759e+00    1.0000000000000004e+00
   2.5599999999999890e+00   -2.2179687500000096e+00    1.0000000000000002e+00
   2.5699999999999887e+00   -2.2093385214007877e+00    1.0000000000000004e+00
   2.5799999999999885e+00   -2.2007751937984592e+00    9.9999999999999989e-01
   2.5899999999999883e+00   -2.1922779922780022e+00    9.9999999999999978e-01
   2.5999999999999881e+00   -2.1838461538461638e+00    1.0000000000000000e+00
   2.6099999999999879e+00   -2.1754789272030752e+00    1.0000000000000009e+00
   2.6199999999999877e+00   -2.1671755725190942e+00    1.0000000000000009e+00
   2.6299999999999875e+00   -2.1589353612167401e+00    1.0000000000000002e+00
   2.6399999999999872e+00   -2.1507575757575861e+00    1.0000000000000007e+00
   2.6499999999999870e+00   -2.1426415094339726e+00    1.0000000000000007e+00
   2.6599999999999868e+00   -2.1345864661654241e+00    1.0000000000000002e+00
   2.6699999999999866e+00   -2.1265917602996360e+00    9.9999999999999967e-01
   2.6799999999999864e+00   -2.1186567164179211e+00    9.9999999999999944e-01
   2.6899999999999862e+00   -2.1107806691449924e+00    9.9999999999999967e-01
   2.6999999999999860e+00   -2.1029629629629740e+00    9.9999999999999922e-01
   2.7099999999999858e+00   -2.0952029520295312e+00    9.9999999999999967e-01
   2.7199999999999855e+00   -2.0875000000000110e+00    9.9999999999999967e-01
   2.7299999999999853e+00   -2.0798534798534911e+00    9.9999999999999967e-01
   2.7399999999999851e+00   -2.0722627737226391e+00    9.9999999999999978e-01
   2.7499999999999849e+00   -2.0647272727272838e+00    1.0000000000000000e+00
   2.7599999999999847e+00   -2.0572463768116056e+00    1.0000000000000000e+00
   2.7699999999999845e+00   -2.0498194945848489e+00    9.9999999999999889e-01
   2.7799999999999843e+00   -2.0424460431654792e+00    9.9999999999999967e-01
   2.7899999999999840e+00   -2.0351254480286856e+00    9.9999999999999944e-01
   2.7999999999999838e+00   -2.0278571428571546e+00    9.9999999999999944e-01
   2.8099999999999836e+00   -2.0206405693950296e+00    9.9999999999999978e-01
   2.8199999999999834e+00   -2.0134751773049762e+00    1.0000000000000000e+00
   2.8299999999999832e+00   -2.0063604240282804e+00    1.0000000000000000e+00
   2.8399999999999830e+00   -1.9992957746478992e+00    9.9999999999999978e-01
   2.8499999999999828e+00   -1.9922807017543980e+00    1.0000000000000011e+00
   2.8599999999999826e+00   -1.9853146853146975e+00    9.9999999999999944e-01
   2.8699999999999823e+00   -1.9783972125435663e+00    1.0000000000000000e+00
   2.8799999999999821e+00   -1.9715277777777900e+00    9.9999999999999956e-01
   2.8899999999999819e+00   -1.9647058823529535e+00    9.9999999999999967e-01
   2.8999999999999817e+00   -1.9579310344827709e+00    1.0000000000000000e+00
   2.9099999999999815e+00   -1.9512027491409059e+00    9.9999999999999967e-01
   2.9199999999999813e+00   -1.9445205479452179e+00    1.0000000000000000e+00
   2.9299999999999811e+00   -1.9378839590443810e+00    9.9999999999999989e-01
   2.9399999999999809e+00   -1.9312925170068154e+00    1.0000000000000002e+00
   2.9499999999999806e+00   -1.9247457627118769e+00    9.9999999999999933e-01
   2.9599999999999804e+00   -1.9182432432432559e+00    1.0000000000000011e+00
   2.9699999999999802e+00   -1.9117845117845245e+00    1.0000000000000004e+00
   2.9799999999999800e+00   -1.9053691275167912e+00    1.0000000000000004e+00
   2.9899999999999798e+00   -1.8989966555184075e+00    1.0000000000000002e+00
   2.9999999999999796e+00   -1.8926666666666796e+00    1.0000000000000007e+00
