   0.0000000000000000e+00    1.2334000000000001e+00    0.0000000000000000e+00
   1.0000000000000001e-01    1.2273996245841010e+00   -1.2000750831798178e-01
   2.0000000000000001e-01    1.2094568808650130e+00   -2.3884736607226237e-01
   3.0000000000000004e-01    1.1797463483762283e+00   -3.5536328372032150e-01
   4.0000000000000002e-01    1.1385571050304029e+00   -4.6842158322131083e-01
   5.0000000000000000e-01    1.0862899144454476e+00   -5.7692222851091324e-01
   5.9999999999999998e-01    1.0234533265896377e+00   -6.7980952864607547e-01
   6.9999999999999996e-01    9.5065872968573606e-01   -7.7608240948002249e-01
   7.9999999999999993e-01    8.6861440151817448e-01   -8.6480415392608001e-01
   8.9999999999999991e-01    7.7811861802295945e-01   -9.4511151603936494e-01
   9.9999999999999989e-01    6.8005188621243051e-01   -1.0162231202380361e+00
   1.0999999999999999e+00    5.7536837700705834e-01   -1.0774470639412572e+00
   1.2000000000000000e+00    4.6508664133122302e-01   -1.1281876496516290e+00
   1.3000000000000000e+00    3.5027969980362034e-01   -1.1679511809801910e+00
   1.4000000000000001e+00    2.3206460244775190e-01   -1.1963507662197559e+00
   1.5000000000000002e+00    1.1159156000455804e-01   -1.2131100827287074e+00
   1.6000000000000003e+00   -9.9672474025144647e-03   -1.2180660654985136e+00
   1.7000000000000004e+00   -1.3142907536041898e-01   -1.2111704937456980e+00
   1.8000000000000005e+00   -2.5161212304797342e-01   -1.1924904600910247e+00
   1.9000000000000006e+00   -3.6934703193635265e-01   -1.1622077177608729e+00
   2.0000000000000004e+00   -4.8348826342840823e-01   -1.1206169121624099e+00
   2.1000000000000005e+00   -5.9292524473451724e-01   -1.0681227140390019e+00
   2.2000000000000006e+00   -6.9659317453767766e-01   -1.0052358820997267e+00
   2.3000000000000007e+00   -7.9348338331075352e-01   -9.3256829343286229e-01
   2.4000000000000008e+00   -8.8265314748192480e-01   -8.5082699005649853e-01
   2.5000000000000009e+00   -9.6323486195835284e-01   -7.6080729953221748e-01
   2.6000000000000010e+00   -1.0344444817611234e+00   -6.6338509657698252e-01
   2.7000000000000011e+00   -1.0955891506359425e+00   -5.5950828096630256e-01
   2.8000000000000012e+00   -1.1460739424146333e+00   -4.5018755464707472e-01
   2.9000000000000012e+00   -1.1854076495352492e+00   -3.3648658779707125e-01
   3.0000000000000013e+00   -1.2132075623995866e+00   -2.1951166951346660e-01
   3.1000000000000014e+00   -1.2292031930658474e+00   -1.0040094382726719e-01
   3.2000000000000015e+00   -1.2332389070456160e+00    1.9686664224795120e-02
   3.3000000000000016e+00   -1.2252754375982629e+00    1.3958272472366004e-01
   3.4000000000000017e+00   -1.2053902677889703e+00    2.5812067147205980e-01
   3.5000000000000018e+00   -1.1737768765930310e+00    3.7414715246497598e-01
   3.6000000000000019e+00   -1.1307428563816808e+00    4.8653325178848283e-01
   3.7000000000000020e+00   -1.0767069201059765e+00    5.9418547376000386e-01
   3.8000000000000020e+00   -1.0121948272982590e+00    6.9605638243635592e-01
   3.9000000000000021e+00   -9.3783426853044383e-01    7.9115479296916214e-01
   4.0000000000000018e+00   -8.5434875810239985e-01    8.7855541564765471e-01
   4.1000000000000014e+00   -7.6255059438341599e-01    9.5740785879413925e-01
   4.2000000000000011e+00   -6.6333295630131184e-01    1.0269449029156350e+00
   4.3000000000000007e+00   -5.5766121287887316e-01    1.0864899656057463e+00
   4.4000000000000004e+00   -4.4656353037419327e-01    1.1354636845646691e+00
   4.5000000000000000e+00   -3.3112086841568478e-01    1.1733895546857815e+00
   4.5999999999999996e+00   -2.1245646246749261e-01    1.1998985643610234e+00
   4.6999999999999993e+00   -9.1724894958949282e-02    1.2147327858946799e+00
   4.7999999999999989e+00    2.9899138586066465e-02    1.2177478850915204e+00
   4.8999999999999986e+00    1.5123225911641081e-01    1.2089145256014653e+00
   4.9999999999999982e+00    2.7109391811004907e-01    1.1883186543567741e+00
   5.0999999999999979e+00    3.8831788408991208e-01    1.1561606653245033e+00
   5.1999999999999975e+00    5.0176358983758829e-01    1.1127534497107658e+00
   5.2999999999999972e+00    6.1032722989858967e-01    1.0585193515879379e+00
   5.3999999999999968e+00    7.1295250040254421e-01    9.9398605856599243e-01
   5.4999999999999964e+00    8.0864087670187779e-01    9.1978146749095591e-01
   5.5999999999999961e+00    8.9646132882948792e-01    8.3662757512627861e-01
   5.6999999999999957e+00    9.7555938024582656e-01    7.4533345325964595e-01
   5.7999999999999954e+00    1.0451654217354802e+00    6.4678737658612351e-01
   5.8999999999999950e+00    1.1046021995605928e+00    5.4194817996185818e-01
   5.9999999999999947e+00    1.1532914050128016e+00    4.3183592912063617e-01
   6.0999999999999943e+00    1.1907593012485806e+00    3.1752199562547800e-01
   6.1999999999999940e+00    1.2166413326599386e+00    2.0011863262413088e-01
   6.2999999999999936e+00    1.2306856719321579e+00    8.0768152834403972e-02
   6.3999999999999932e+00    1.2327556702763687e+00   -3.9368185944479273e-02
   6.4999999999999929e+00    1.2228311869966528e+00   -1.5912147965261997e-01
   6.5999999999999925e+00    1.2010087854552411e+00   -2.7732655118686617e-01
   6.6999999999999922e+00    1.1675007935290960e+00   -3.9283328735564460e-01
   6.7999999999999918e+00    1.1226332376994648e+00   -5.0451782926475575e-01
   6.8999999999999915e+00    1.0668426708753218e+00   -6.1129350725377662e-01
   6.9999999999999911e+00    1.0006719248153846e+00   -7.1212141398818862e-01
   7.0999999999999908e+00    9.2476482847684127e-01   -8.0602051283302656e-01
   7.1999999999999904e+00    8.3985994368026606e-01   -8.9207718315546680e-01
   7.2999999999999901e+00    7.4678337904152881e-01   -9.6945410968235080e-01
   7.3999999999999897e+00    6.4644075208979546e-01   -1.0373984294208594e+00
   7.4999999999999893e+00    5.3980837777870339e-01   -1.0952490568743289e+00
   7.5999999999999890e+00    4.2792376912484731e-01   -1.1424431162802302e+00
   7.6999999999999886e+00    3.1187554240058241e-01   -1.1785214182858417e+00
   7.7999999999999883e+00    1.9279282510172716e-01   -1.2031329277745884e+00
   7.8999999999999879e+00    7.1834269748654325e-02   -1.2160381793719335e+00
   7.9999999999999876e+00   -4.9823219585573036e-02   -1.2171116073985913e+00
   8.0999999999999872e+00   -1.7099593833125257e-01   -1.2063427676010525e+00
   8.1999999999999869e+00   -2.9050489864565127e-01   -1.1838364387722136e+00
   8.2999999999999865e+00   -4.0718730074374487e-01   -1.1498116032733594e+00
   8.3999999999999861e+00   -5.1990784672218959e-01   -1.1045993163768306e+00
   8.4999999999999858e+00   -6.2756978679513975e-01   -1.0486394851602718e+00
   8.5999999999999854e+00   -7.2912559046410697e-01   -9.8247658829321449e-01
   8.6999999999999851e+00   -8.2358713879337808e-01   -9.0675437836167105e-01
   8.7999999999999847e+00   -9.1003533862206254e-01   -8.2220961827612760e-01
   8.8999999999999844e+00   -9.8762906516828786e-01   -7.2966491270651157e-01
   8.9999999999999840e+00   -1.0556133460156805e+00   -6.3002070429292945e-01
   9.0999999999999837e+00   -1.1133267068534769e+00   -5.2424651250754262e-01
   9.1999999999999833e+00   -1.1602076074975916e+00   -4.1337150041181459e-01
   9.2999999999999829e+00   -1.1957999055713615e+00   -2.9847446109281239e-01
   9.3999999999999826e+00   -1.2197572946853801e+00   -1.8067332120866125e-01
   9.4999999999999822e+00   -1.2318466739337588e+00   -6.1114263771687036e-02
   9.5999999999999819e+00   -1.2319504159222536e+00    5.9039423997471502e-02
   9.6999999999999815e+00   -1.2200675112607642e+00    1.7861866923649186e-01
   9.7999999999999812e+00   -1.1963135783845107e+00    2.9645998830120585e-01
   9.8999999999999808e+00   -1.1609197386083288e+00    4.1141680724339280e-01
   9.9999999999999805e+00   -1.1142303673595935e+00    5.2237061776040050e-01
   1.0099999999999980e+01   -1.0566997434698553e+00    6.2824186007129457e-01
   1.0199999999999980e+01   -9.8888762912695194e-01    7.2800042683119193e-01
   1.0299999999999979e+01   -9.1145382349383297e-01    8.2067568588265949e-01
   1.0399999999999979e+01   -8.2515174298636684e-01    9.0536592432468643e-01
   1.0499999999999979e+01   -7.3082109067282275e-01    9.8124712201020858e-01
   1.0599999999999978e+01   -6.2937968612039630e-01    1.0475809691076980e+00
   1.0699999999999978e+01   -5.2181453518284238e-01    1.1037220497174471e+00
   1.0799999999999978e+01   -4.0917222661850650e-01    1.1491241216473065e+00
   1.0899999999999977e+01   -2.9254874897786176e-01    1.1833454312468350e+00
   1.0999999999999977e+01   -1.7307882684032710e-01    1.2060530115875241e+00
   1.1099999999999977e+01   -5.1924880156784189e-02    1.2170259221686059e+00
   1.1199999999999976e+01    6.9734285878679553e-02    1.2161573986267160e+00
   1.1299999999999976e+01    1.9071495038237302e-01    1.2034558915331393e+00
   1.1399999999999975e+01    3.0983999416334229e-01    1.1790449841713342e+00
   1.1499999999999975e+01    4.2595035287247829e-01    1.1431621900947480e+00
   1.1599999999999975e+01    5.3791629448139733e-01    1.0961566421644569e+00
   1.1699999999999974e+01    6.4464841136333828e-01    1.0384856955518638e+00
   1.1799999999999974e+01    7.4510822002519028e-01    9.7071047775859975e-01
   1.1899999999999974e+01    8.3831826535724374e-01    8.9349042895110176e-01
   1.1999999999999973e+01    9.2337163108820963e-01    8.0757688573138808e-01
   1.2099999999999973e+01    9.9944076391056114e-01    7.1380577077273910e-01
   1.2199999999999973e+01    1.0657855254191126e+00    6.1308945944875792e-01
   1.2299999999999972e+01    1.1217603935189824e+00    5.0640790259198643e-01
   1.2399999999999972e+01    1.1668207432345901e+00    3.9479909175597072e-01
   1.2499999999999972e+01    1.2005281458085924e+00    2.7934895975198942e-01
   1.2599999999999971e+01    1.2225546345315208e+00    1.6118081472632972e-01
   1.2699999999999971e+01    1.2326858957963953e+00    4.1444410582558766e-02
   1.2799999999999971e+01    1.2308233543299534e+00   -7.8695239908466635e-02
   1.2899999999999970e+01    1.2169851323115828e+00   -1.9806920046450935e-01
   1.2999999999999970e+01    1.1913058730479129e+00   -3.1551598482289139e-01
   1.3099999999999969e+01    1.1540354309186767e+00   -4.2989285778413955e-01
   1.3199999999999969e+01    1.1055364403404244e+00   -5.4008695381130045e-01
   1.3299999999999969e+01    1.0462807874016169e+00   -6.4502610500303736e-01
   1.3399999999999968e+01    9.7684501849942729e-01   -7.4368927308636046e-01
   1.3499999999999968e+01    8.9790473065135545e-01   -8.3511648392765592e-01
   1.3599999999999968e+01    8.1022799806287071e-01   -9.1841816790108399e-01
   1.3699999999999967e+01    7.1466789890934768e-01   -9.9278381523431158e-01
   1.3799999999999967e+01    6.1215421504530732e-01   -1.0574898621166884e+00
   1.3899999999999967e+01    5.0368438540123572e-01   -1.1119067308395114e+00
   1.3999999999999966e+01    3.9031380108973429e-01   -1.1555049554691321e+00
   1.4099999999999966e+01    2.7314553664779972e-01   -1.1878603334512570e+00
   1.4199999999999966e+01    1.5331961732832142e-01   -1.2086580530222946e+00
   1.4299999999999965e+01    3.2001926868038877e-02   -1.2176957562688122e+00
   1.4399999999999965e+01   -8.9627136342702335e-02   -1.2148855080321068e+00
   1.4499999999999964e+01   -2.1038414431505376e-01   -1.2002546515008179e+00
   1.4599999999999964e+01   -3.2909415399419295e-01   -1.1739455421668270e+00
   1.4699999999999964e+01   -4.4460213923503433e-01   -1.1362141627330022e+00
   1.4799999999999963e+01   -5.5578422899014157e-01   -1.0874276324494767e+00
   1.4899999999999963e+01   -6.6155864236437878e-01   -1.0280606351121517e+00
   1.4999999999999963e+01   -7.6089621414026842e-01   -9.5869080047832944e-01
   1.5099999999999962e+01   -8.5283040836266755e-01   -8.7999308403743604e-01
   1.5199999999999962e+01   -9.3646672255245911e-01   -7.9273319982061252e-01
   1.5299999999999962e+01   -1.0109913910480226e+00   -6.9776017014670466e-01
   1.5399999999999961e+01   -1.0756793027926026e+00   -5.9599806479422746e-01
   1.5499999999999961e+01   -1.1299010565289878e+00   -4.8843700997561323e-01
   1.5599999999999961e+01   -1.1731290847557787e+00   -3.7612355459473779e-01
   1.5699999999999960e+01   -1.2049427868602975e+00   -2.6015048752223391e-01
   1.5799999999999960e+01   -1.2250326214837193e+00   -1.4164620496459496e-01
   1.5899999999999959e+01   -1.2332031183004770e+00   -2.1763731380574025e-02
   1.5999999999999959e+01   -1.2293747799078940e+00    9.8330499230695451e-02
   1.6099999999999959e+01   -1.2135848553210122e+00    2.1746799251389365e-01
   1.6199999999999960e+01   -1.1859869775466569e+00    3.3448956298858784e-01
   1.6299999999999962e+01   -1.1468496687630751e+00    4.4825661270669792e-01
   1.6399999999999963e+01   -1.0965537276494683e+00    5.5766220959713086e-01
   1.6499999999999964e+01   -1.0355885242862148e+00    6.6164185770736672e-01
   1.6599999999999966e+01   -9.6454723867570724e-01    7.5918385454956494e-01
   1.6699999999999967e+01   -8.8412108921210519e-01    8.4933913477615364e-01
   1.6799999999999969e+01   -7.9509260725591080e-01    9.3123050440778410e-01
   1.6899999999999970e+01   -6.9832802325049648e-01    1.0040611757663425e+00
   1.6999999999999972e+01   -5.9476883846224282e-01    1.0671225200697205e+00
   1.7099999999999973e+01   -4.8542266434967662e-01    1.1198009622570526e+00
   1.7199999999999974e+01   -3.7135341869282978e-01    1.1615839509590580e+00
   1.7299999999999976e+01   -2.5367097387264326e-01    1.1920649455268000e+00
   1.7399999999999977e+01   -1.3352035802071713e-01    1.2109473715960051e+00
   1.7499999999999979e+01   -1.2070614110195665e-02    1.2180475067000418e+00
   1.7599999999999980e+01    1.0949657461325479e-01    1.2132962678550867e+00
   1.7699999999999982e+01    2.2999838218795043e-01    1.1967398837246095e+00
   1.7799999999999983e+01    3.4826234861110739e-01    1.1685394448231421e+00
   1.7899999999999984e+01    4.6313778765492170e-01    1.1289693361357638e+00
   1.7999999999999986e+01    5.7350698282789991e-01    1.0784145674036227e+00
   1.8099999999999987e+01    6.7829606254683450e-01    1.0173670270513153e+00
   1.8199999999999989e+01    7.7648544870603897e-01    9.4642069620470548e-01
   1.8299999999999990e+01    8.6711977698122333e-01    8.6626586936589678e-01
   1.8399999999999991e+01    9.4931719234531098e-01    7.7768243797710457e-01
   1.8499999999999993e+01    1.0222779293525717e+00    6.8153230222309347e-01
   1.8599999999999994e+01    1.0852920937065129e+00    5.7875098490392007e-01
   1.8699999999999996e+01    1.1377465693983344e+00    4.7033852897342787e-01
   1.8799999999999997e+01    1.1791309842107800e+00    3.5734976730873830e-01
   1.8899999999999999e+01    1.2090426755441566e+00    2.4088405938405705e-01
   1.9000000000000000e+01    1.2271906082479598e+00    1.2207459470903646e-01
   1.9100000000000001e+01    1.2333982063383417e+00    2.0773671072332328e-03
   1.9200000000000003e+01    1.2276050710493394e+00   -1.1794007288713386e-01
   1.9300000000000004e+01    1.2098675685015468e+00   -2.3680997807705512e-01
   1.9400000000000006e+01    1.1803582812703266e+00   -3.5337576656409309e-01
   1.9500000000000007e+01    1.1393643291896971e+00   -4.6650327507348316e-01
   1.9600000000000009e+01    1.0872845757301608e+00   -5.7509179415022793e-01
   1.9700000000000010e+01    1.0246257471318927e+00   -6.7808477785579480e-01
   1.9800000000000011e+01    9.5199750205339628e-01   -7.7448012376207631e-01
   1.9900000000000013e+01    8.7010649970702048e-01   -8.6333992322019726e-01
   2.0000000000000014e+01    7.7974952419726851e-01   -9.4379958703588207e-01
   2.0100000000000016e+01    6.8180573196079730e-01   -1.0150762577602701e+00
   2.0200000000000017e+01    5.7722809773906392e-01   -1.0764764267461673e+00
   2.0300000000000018e+01    4.6703414231270091e-01   -1.1274026818572025e+00
   2.0400000000000020e+01    3.5229603221502903e-01   -1.1673595201759461e+00
   2.0500000000000021e+01    2.3413014775263719e-01   -1.1959581691544263e+00
   2.0600000000000023e+01    1.1368622083423593e-01   -1.2129203692981567e+00
   2.0700000000000024e+01   -7.8638517053272461e-03   -1.2180810815788641e+00
   2.0800000000000026e+01   -1.2933741044162944e-01   -1.2113900932333022e+00
   2.0900000000000027e+01   -2.4955254041521341e-01   -1.1929125063240262e+00
   2.1000000000000028e+01   -3.6733957094262393e-01   -1.1628281043085265e+00
   2.1100000000000030e+01   -4.8155245629293353e-01   -1.1214296027798818e+00
   2.1200000000000031e+01   -5.9107992649790830e-01   -1.0691198013989018e+00
   2.1300000000000033e+01   -6.9485629980051988e-01   -1.0064076647289208e+00
   2.1400000000000034e+01   -7.9187185153870754e-01   -9.3390337010598845e-01
   2.1500000000000036e+01   -8.8118263857709311e-01   -8.5231237072775234e-01
   2.1600000000000037e+01   -9.6191968369677083e-01   -7.6242853172606340e-01
   2.1700000000000038e+01   -1.0332974305807803e+00   -6.6512640600803219e-01
   2.1800000000000040e+01   -1.0946213871298383e+00   -5.6135272502015465e-01
   2.1900000000000041e+01   -1.1452948827403004e+00   -4.5211718722877819e-01
   2.2000000000000043e+01   -1.1848248737973044e+00   -3.3848263394326533e-01
   2.2100000000000044e+01   -1.2128267408967339e+00   -2.2155470806925553e-01
   2.2200000000000045e+01   -1.2290280311199344e+00   -1.0247109641041736e-01
   2.2300000000000047e+01   -1.2332711089495469e+00    1.7609539810921684e-02
   2.2400000000000048e+01   -1.2255146900335476e+00    1.3751883851030761e-01
   2.2500000000000050e+01   -1.2058342428742552e+00    2.5609010468526267e-01
   2.2600000000000051e+01   -1.1744212545339479e+00    3.7216966213899300e-01
   2.2700000000000053e+01   -1.1315813675016360e+00    4.8462807853355683e-01
   2.2800000000000054e+01   -1.0777314058489298e+00    5.9237115455483025e-01
   2.2900000000000055e+01   -1.0133953196099448e+00    6.9435057026675429e-01
   2.3000000000000057e+01   -9.3919908684567011e-01    7.8957408506783266e-01
   2.3100000000000058e+01   -8.5586462299475896e-01    8.7711519200621491e-01
   2.3200000000000060e+01   -7.6420275677161453e-01    9.5612213251868794e-01
   2.3300000000000061e+01   -6.6510534095496732e-01    1.0258261838818563e+00
   2.3400000000000063e+01   -5.5953657482749275e-01    1.0855491387401643e+00
   2.3500000000000064e+01   -4.4852362269750451e-01    1.1347099039363524e+00
   2.3600000000000065e+01   -3.3314661978274990e-01    1.1728301544389672e+00
   2.3700000000000067e+01   -2.1452816269718428e-01    1.1995389873552678e+00
   2.3800000000000068e+01   -9.3822386796318658e-02    1.2145765307468557e+00
   2.3900000000000070e+01    2.7796263343476901e-02    1.2177964721349299e+00
   2.4000000000000071e+01    1.4914446105058241e-01    1.2091674820932823e+00
   2.4100000000000072e+01    2.6904151110485908e-01    1.1887735190777433e+00
   2.4200000000000074e+01    3.8632083768085085e-01    1.1568130125261422e+00
   2.4300000000000075e+01    4.9984133491192184e-01    1.1135969321770678e+00
   2.4400000000000077e+01    6.0849846963646825e-01    1.0595457623925943e+00
   2.4500000000000078e+01    7.1123502829856466e-01    9.9518541092424817e-01
   2.4600000000000080e+01    8.0705140343771653e-01    9.2114209192915231e-01
   2.4700000000000081e+01    8.9501531968210002e-01    8.3813623302364548e-01
   2.4800000000000082e+01    9.7427090461319943e-01    7.4697546565760031e-01
   2.4900000000000084e+01    1.0440470162440281e+00    6.4854676701178571e-01
   2.5000000000000085e+01    1.1036647460861315e+00    5.4380782987613818e-01
   2.5100000000000087e+01    1.1525440248019365e+00    4.3377774447841089e-01
   2.5200000000000088e+01    1.1902092661706865e+00    3.1952708292725879e-01
   2.5300000000000090e+01    1.2162939944532334e+00    2.0216748274627264e-01
   2.5400000000000091e+01    1.2305444101322933e+00    8.2840830849221711e-02
   2.5500000000000092e+01    1.2328218593341815e+00   -3.7291846805600326e-02
   2.5600000000000094e+01    1.2231041829050160e+00   -1.5706168178034557e-01
   2.5700000000000095e+01    1.2014859320151321e+00   -2.7530333602843821e-01
   2.5800000000000097e+01    1.1681774481939156e+00   -3.9086634041535567e-01
   2.5900000000000098e+01    1.1235028167461454e+00   -5.0262628856768199e-01
   2.6000000000000099e+01    1.0678967134627191e+00   -6.0949577713638059e-01
   2.6100000000000101e+01    1.0019001753066759e+00   -7.1043498602757504e-01
   2.6200000000000102e+01    9.2615533622494983e-01   -8.0446179565717524e-01
   2.6300000000000104e+01    8.4139917930541708e-01   -8.9066134279035791e-01
   2.6400000000000105e+01    7.4845636606957910e-01   -9.6819492198937440e-01
   2.6500000000000107e+01    6.4823121267051975e-01   -1.0363081460602663e+00
   2.6600000000000108e+01    5.4169889106622626e-01   -1.0943382860988724e+00
   2.6700000000000109e+01    4.2989594077920856e-01   -1.1417207197188552e+00
   2.6800000000000111e+01    3.1391018356121714e-01   -1.1779944247216960e+00
   2.6900000000000112e+01    1.9487013909148274e-01   -1.2028064647562799e+00
   2.7000000000000114e+01    7.3934044691748677e-02   -1.2159154233234433e+00
   2.7100000000000115e+01   -4.7721414105788229e-02   -1.2171937527132637e+00
   2.7200000000000117e+01   -1.6891255248816706e-01   -1.2066290150203718e+00
   2.7300000000000118e+01   -2.8846020339304196e-01   -1.1843240031624391e+00
   2.7400000000000119e+01   -4.0520119058319493e-01   -1.1504957407243555e+00
   2.7500000000000121e+01   -5.1799964613331673e-01   -1.1054733703594228e+00
   2.7600000000000122e+01   -6.2575806221203123e-01   -1.0496949512930280e+00
   2.7700000000000124e+01   -7.2742796962739598e-01   -9.8370319708848242e-01
   2.7800000000000125e+01   -8.2202013923563100e-01   -9.0814019514576849e-01
   2.7900000000000126e+01   -9.0861420695528305e-01   -8.2374115931148029e-01
   2.8000000000000128e+01   -9.8636762873723971e-01   -7.3132727638589301e-01
   2.8100000000000129e+01   -1.0545238783604143e+00   -6.3179771612930580e-01
   2.8200000000000131e+01   -1.1124198082900860e+00   -5.2612088250880040e-01
   2.8300000000000132e+01   -1.1594921019791233e+00   -4.1532499130914324e-01
   2.8400000000000134e+01   -1.1952827548324079e+00   -3.0048806578591181e-01
   2.8500000000000135e+01   -1.2194435305057045e+00   -1.8272744770126514e-01
   2.8600000000000136e+01   -1.2317393491800226e+00   -6.3188925798014731e-02
   2.8700000000000138e+01   -1.2320505748441952e+00    5.6964412510094972e-02
   2.8800000000000139e+01   -1.2203741793308454e+00    1.7656349776093191e-01
   2.8900000000000141e+01   -1.1968237717798864e+00    2.9444465327073144e-01
   2.9000000000000142e+01   -1.1616284932428844e+00    4.0946091749012858e-01
   2.9100000000000144e+01   -1.1151307871835723e+00    5.2049320372506525e-01
   2.9200000000000145e+01   -1.0577830675671300e+00    6.2646118864057987e-01
   2.9300000000000146e+01   -9.9014331695709679e-01    7.2633382360437815e-01
   2.9400000000000148e+01   -9.1286965744960646e-01    8.1913936659678221e-01
   2.9500000000000149e+01   -8.2671394726874037e-01    9.0397483707845427e-01
   2.9600000000000151e+01   -7.3251446532692310e-01    9.8001480182180434e-01
   2.9700000000000152e+01   -6.3118775492821799e-01    1.0465194062215886e+00
   2.9800000000000153e+01   -5.2371970597376061e-01    1.1028415729415522e+00
   2.9900000000000155e+01   -4.1115596243780006e-01    1.1484332978556329e+00
   3.0000000000000156e+01   -2.9459174844780839e-01    1.1828509820253987e+00
   3.0100000000000158e+01   -1.7516121195899109e-01    1.2057597478345781e+00
   3.0200000000000159e+01   -5.4026389707249656e-02    1.2169366972855016e+00
   3.0300000000000161e+01    6.7634099190465521e-02    1.2162730807548432e+00
   3.0400000000000162e+01    1.8863652097926159e-01    1.2037753551070727e+00
   3.0500000000000163e+01    3.0780354477387845e-01    1.1795651208703746e+00
   3.0600000000000165e+01    4.2397569776754224e-01    1.1438779390862996e+00
   3.0700000000000166e+01    5.3602264668506239e-01    1.0970610393449804e+00
   3.0800000000000168e+01    6.4285419571374802e-01    1.0395699413062982e+00
   3.0900000000000169e+01    7.4343089390433637e-01    9.7196402257896797e-01
   3.1000000000000171e+01    8.3677414883391099e-01    8.9490107608124581e-01
   3.1100000000000172e+01    9.2197574812676564e-01    8.0913090983912062e-01
   3.1200000000000173e+01    9.9820669619059887e-01    7.1548805149475303e-01
   3.1300000000000175e+01    1.0647252801882536e+00    6.1488362850892764e-01
   3.1400000000000176e+01    1.1208842867646076e+00    5.0829650306162655e-01
   3.1500000000000178e+01    1.1661372993112160e+00    3.9676374790648050e-01
   3.1600000000000179e+01    1.2000440144974998e+00    2.8137055584724779e-01
   3.1700000000000180e+01    1.2222745263396286e+00    1.6323968101522524e-01
   3.1800000000000182e+01    1.2326125361239120e+00    4.3520514681981204e-02
   3.1900000000000183e+01    1.2309574569527426e+00   -7.6622098102293187e-02
   3.2000000000000185e+01    1.2173253924362586e+00   -1.9601919223280265e-01
   3.2100000000000186e+01    1.1918489800072352e+00   -3.1350905636152537e-01
   3.2200000000000188e+01    1.1547761003837222e+00   -4.2794853613089701e-01
   3.2300000000000189e+01    1.1064674657361175e+00   -5.3822415685145508e-01
   3.2400000000000190e+01    1.0473931100253537e+00   -6.4326295740187578e-01
   3.2500000000000192e+01    9.7812781566055473e-01   -7.4204292993958587e-01
   3.2600000000000193e+01    8.9934552097392251e-01   -8.3360296384552246e-01
   3.2700000000000195e+01    8.1181276292707727e-01   -9.1705219715032094e-01
   3.2800000000000196e+01    7.1638121885008776e-01   -9.9157868445430830e-01
   3.2900000000000198e+01    6.1397941978067450e-01   -1.0564572970040640e+00
   3.3000000000000199e+01    5.0560371603124188e-01   -1.1110567780592842e+00
   3.3100000000000200e+01    3.9230858288707782e-01   -1.1548458849025522e+00
   3.3200000000000202e+01    2.7519636075946219e-01   -1.1873985577314117e+00
   3.3300000000000203e+01    1.5540652962006973e-01   -1.2083980651403901e+00
   3.3400000000000205e+01    3.4104622074411534e-02   -1.2176400858582113e+00
   3.3500000000000206e+01   -8.7529117051968003e-02   -1.2150346967554706e+00
   3.3600000000000207e+01   -2.0831121427443766e-01   -1.2006072477798295e+00
   3.3700000000000209e+01   -3.2706648242447367e-01   -1.1744981153057767e+00
   3.3800000000000210e+01   -4.4263945500055113e-01   -1.1369613362988134e+00
   3.3900000000000212e+01   -5.5390562864064208e-01   -1.0883621365833920e+00
   3.4000000000000213e+01   -6.5978240432916901e-01   -1.0291733772640963e+00
   3.4100000000000215e+01   -7.5923962088252150e-01   -9.5997095387571940e-01
   3.4200000000000216e+01   -8.5130957822429609e-01   -8.8142819302764608e-01
   3.4300000000000217e+01   -9.3509645292566956e-01   -7.9430930106214159e-01
   3.4400000000000219e+01   -1.0097850143994622e+00   -6.9946192846987154e-01
   3.4500000000000220e+01   -1.0746485569409581e+00   -5.9780892240949790e-01
   3.4600000000000222e+01   -1.1290559704382090e+00   -4.9033934757778863e-01
   3.4700000000000223e+01   -1.1724778809551397e+00   -3.7809886279549243e-01
   3.4800000000000225e+01   -1.2044918014407273e+00   -2.6217954694299445e-01
   3.4900000000000226e+01   -1.2247862424488247e+00   -1.4370927323749155e-01
   3.5000000000000227e+01   -1.2331637428720903e+00   -2.3840735237979679e-02
   3.5100000000000229e+01   -1.2295427912015533e+00    9.6259768647033186e-02
   3.5200000000000230e+01   -1.2139586186183196e+00    2.1542368302444936e-01
   3.5300000000000232e+01   -1.1865628562007815e+00    3.3249156534154140e-01
   3.5400000000000233e+01   -1.1476220595826456e+00    4.4632436704468259e-01
   3.5500000000000234e+01   -1.0975151154165750e+00    5.5581451630828893e-01
   3.5600000000000236e+01   -1.0367295548780706e+00    6.5989669450109689e-01
   3.5700000000000237e+01   -9.6585681007850965e-01    7.5755820153677889e-01
   3.5800000000000239e+01   -8.8558645954154980e-01    8.4784880925597950e-01
   3.5900000000000240e+01   -7.9669951873333755e-01    9.2989000696821045e-01
   3.6000000000000242e+01   -7.0006084092840359e-01    1.0028835491962149e+00
   3.6100000000000243e+01   -5.9661070234939562e-01    1.0661192224548512e+00
   3.6200000000000244e+01   -4.8735565345566234e-01    1.1189817554951922e+00
   3.6300000000000246e+01   -3.7335872539593551e-01    1.1609568057784603e+00
   3.6400000000000247e+01   -2.5572908691449014e-01    1.1916359639325302e+00
   3.6500000000000249e+01   -1.3561125234714755e-01    1.2107207274985741e+00
   3.6600000000000250e+01   -1.4173945711296987e-02    1.2180254053040389e+00
   3.6700000000000252e+01    1.0740127075974668e-01    1.2134789242029527e+00
   3.6800000000000253e+01    2.2793149299582016e-01    1.1971255206043139e+00
   3.6900000000000254e+01    3.4624398452480998e-01    1.1691243100601227e+00
   3.7000000000000256e+01    4.6118758697872719e-01    1.1297477391008823e+00
   3.7100000000000257e+01    5.7164392064887348e-01    1.0793789343819200e+00
   3.7200000000000259e+01    6.7653826611079559e-01    1.0185079749328378e+00
   3.7300000000000260e+01    7.7485002104285727e-01    9.4772712378040680e-01
   3.7400000000000261e+01    8.6562263049554333e-01    8.6772506534032101e-01
   3.7500000000000263e+01    9.4797289399183726e-01    7.7928020464690873e-01
   3.7600000000000264e+01    1.0210995589023297e+00    6.8325309361803988e-01
   3.7700000000000266e+01    1.0842911164831290e+00    5.8057805804625329e-01
   3.7800000000000267e+01    1.1369327247225849e+00    4.7225410678391011e-01
   3.7900000000000269e+01    1.1785121906388258e+00    3.5933521157429860e-01
   3.8000000000000270e+01    1.2086249538214759e+00    2.4292005210411122e-01
   3.8100000000000271e+01    1.2269780227286233e+00    1.2414132605601202e-01
   3.8200000000000273e+01    1.2333928254396089e+00    4.1547281724789442e-03
   3.8300000000000274e+01    1.2278069471263464e+00   -1.1587229443743577e-01
   3.8400000000000276e+01    1.2102747373379008e+00   -2.3477190133966913e-01
   3.8500000000000277e+01    1.1809667811895628e+00   -3.5138722164368963e-01
   3.8600000000000279e+01    1.1401682396016486e+00   -4.6458361013943694e-01
   3.8700000000000280e+01    1.0882760747371913e+00   -5.7325968718255615e-01
   3.8800000000000281e+01    1.0257951876344944e+00   -6.7635805491191225e-01
   3.8900000000000283e+01    9.5333350561465990e-01   -7.7287558553259772e-01
   3.9000000000000284e+01    8.7159606726269390e-01   -8.6187318156136672e-01
   3.9100000000000286e+01    7.8137816253421555e-01   -9.4248491306913740e-01
   3.9200000000000287e+01    6.8355759473324518e-01   -1.0139264430169064e+00
   3.9300000000000288e+01    5.7908613965057754e-01   -1.0755026587081347e+00
   3.9400000000000290e+01    4.6898028496372268e-01   -1.1266144351050036e+00
   3.9500000000000291e+01    3.5431134000231812e-01   -1.1667644642027435e+00
   3.9600000000000293e+01    2.3619501210914007e-01   -1.1955620937433116e+00
   3.9700000000000294e+01    1.1578055101676869e-01   -1.2127271281886458e+00
   3.9800000000000296e+01   -5.7604331369131567e-03   -1.2180925549707347e+00
   3.9900000000000297e+01   -1.2724536935577385e-01   -1.2116061694926015e+00
   4.0000000000000298e+01   -2.4749223197958314e-01   -1.1933310830692492e+00
   4.0100000000000300e+01   -3.6533104157214663e-01   -1.1634451088663931e+00
   4.0200000000000301e+01   -4.7961524860193760e-01   -1.1222390318116855e+00
   4.0300000000000303e+01   -5.8923288915414807e-01   -1.0701137793118694e+00
   4.0400000000000304e+01   -6.9311740413117118e-01   -1.0075765203042542e+00
   4.0500000000000306e+01   -7.9025801667272244e-01   -9.3523573059801102e-01
   4.0600000000000307e+01   -8.7970956682524648e-01   -8.5379527251859288e-01
   4.0700000000000308e+01   -9.6060170777111931e-01   -7.6404754645922823e-01
   4.0800000000000310e+01   -1.0321473741400602e+00   -6.6686578097360960e-01
   4.0900000000000311e+01   -1.0936504400076696e+00   -5.6319553642572995e-01
   4.1000000000000313e+01   -1.1445124920702032e+00   -4.5404550486476197e-01
   4.1100000000000314e+01   -1.1842386520938599e+00   -3.4047769564047226e-01
   4.1200000000000315e+01   -1.2124423919872447e+00   -2.2359710225129398e-01
   4.1300000000000317e+01   -1.2288492946472533e+00   -1.0454095096468952e-01
   4.1400000000000318e+01   -1.2332997239860539e+00    1.5532364181288699e-02
   4.1500000000000320e+01   -1.2257503781603005e+00    1.3545455233487780e-01
   4.1600000000000321e+01   -1.2062747108899541e+00    2.5405879308162643e-01
   4.1700000000000323e+01   -1.1750622167673541e+00    3.7019108938833734e-01
   4.1800000000000324e+01   -1.1324165875103502e+00    4.8272149577791384e-01
   4.1900000000000325e+01   -1.0787527570988074e+00    5.9055511248707315e-01
   4.2000000000000327e+01   -1.0145928645447497e+00    6.9264273863583270e-01
   4.2100000000000328e+01   -9.4056117357763536e-01    7.8799108075542690e-01
   4.2200000000000330e+01   -8.5737799867527009e-01    8.7567241734759182e-01
   4.2300000000000331e+01   -7.6585269653894283e-01    9.5483362544086536e-01
   4.2400000000000333e+01   -6.6687579120441476e-01    1.0247044813172046e+00
   4.2500000000000334e+01   -5.6141030940995684e-01    1.0846051546444035e+00
   4.2600000000000335e+01   -4.5048241052668048e-01    1.1339528230978091e+00
   4.2700000000000337e+01   -3.3517140222018343e-01    1.1722673431123054e+00
   4.2800000000000338e+01   -2.1659923898925174e-01    1.1991759215892115e+00
   4.2900000000000340e+01   -9.5919605758867349e-02    1.2144167431032613e+00
   4.3000000000000341e+01    2.5693307257883630e-02    1.2178415173176214e+00
   4.3100000000000342e+01    1.4705622921051317e-01    1.2094169218210746e+00
   4.3200000000000344e+01    2.6698832161473324e-01    1.1892249263488359e+00
   4.3300000000000345e+01    3.8432266768959056e-01    1.1574619952323919e+00
   4.3400000000000347e+01    4.9791762623903724e-01    1.1144371758383775e+00
   4.3500000000000348e+01    6.0666793960679744e-01    1.0605690915956212e+00
   4.3600000000000350e+01    7.0951548762621142e-01    9.9638186886764291e-01
   4.3700000000000351e+01    8.0545958293113973e-01    9.2250003730137042e-01
   4.3800000000000352e+01    8.9356670745648337e-01    8.3964245327072662e-01
   4.3900000000000354e+01    9.7297959539399348e-01    7.4861530553884204e-01
   4.4000000000000355e+01    1.0429255742279135e+00    6.5030427119248868e-01
   4.4100000000000357e+01    1.1027240826937401e+00    5.4566589817002242e-01
   4.4200000000000358e+01    1.1517932925117733e+00    4.3571829822922326e-01
   4.4300000000000360e+01    1.1896557694672296e+00    3.2153124091071000e-01
   4.4400000000000361e+01    1.2159431187556691e+00    2.0421574488081076e-01
   4.4500000000000362e+01    1.2303995693953962e+00    8.4913267928170916e-02
   4.4600000000000364e+01    1.2328844628311748e+00   -3.5215399206594000e-02
   4.4700000000000365e+01    1.2233736215156075e+00   -1.5500142710724454e-01
   4.4800000000000367e+01    1.2019595841521395e+00   -2.7327932017307088e-01
   4.4900000000000368e+01    1.1688507053108197e+00   -3.8889825667264577e-01
   4.5000000000000369e+01    1.1243691281773831e+00   -5.0073328602358025e-01
   4.5100000000000371e+01    1.0689476501604318e+00   -6.0769627435084717e-01
   4.5200000000000372e+01    1.0031255118537656e+00   -7.0874649182544325e-01
   4.5300000000000374e+01    9.2754315032647061e-01   -8.0290073877056756e-01
   4.5400000000000375e+01    8.4293596779027058e-01   -8.8924291201020178e-01
   4.5500000000000377e+01    7.5012717627383840e-01   -9.6693291838131290e-01
   4.5600000000000378e+01    6.5001978792404724e-01   -1.0352148486828761e+00
   4.5700000000000379e+01    5.4358782886702683e-01   -1.0934243325307254e+00
   4.5800000000000381e+01    4.3186686211651237e-01   -1.1409950025568727e+00
   4.5900000000000382e+01    3.1594391173980996e-01   -1.1774640050578473e+00
   4.6000000000000384e+01    1.9694688631735607e-01   -1.2024765034744809e+00
   4.6100000000000385e+01    7.6033604603626806e-02   -1.2157891308851232e+00
   4.6200000000000387e+01   -4.5619469832340206e-02   -1.2172723579201772e+00
   4.6300000000000388e+01   -1.6682867537697521e-01   -1.2069117530585880e+00
   4.6400000000000389e+01   -2.8641466917782987e-01   -1.1848081230438381e+00
   4.6500000000000391e+01   -4.0321390192849460e-01   -1.1511765320532266e+00
   4.6600000000000392e+01   -5.1608993898527300e-01   -1.1063442091637326e+00
   4.6700000000000394e+01   -6.2394451766326986e-01   -1.0507473644744263e+00
   4.6800000000000395e+01   -7.2572823312647472e-01   -9.8492694486396171e-01
   4.6900000000000396e+01   -8.2045074890013259e-01   -9.0952337067883282e-01
   4.7000000000000398e+01   -9.0719043265903054e-01   -8.2527030456343309e-01
   4.7100000000000399e+01   -9.8510332353728636e-01   -7.3298751306003107e-01
   4.7200000000000401e+01   -1.0534313437093945e+00   -6.3357289043395770e-01
   4.7300000000000402e+01   -1.1115096743453872e+00   -5.2799372233069197e-01
   4.7400000000000404e+01   -1.1587732241734463e+00   -4.1727727426782235e-01
   4.7500000000000405e+01   -1.1947621277120670e+00   -3.0250079653409490e-01
   4.7600000000000406e+01   -1.2191262196750028e+00   -1.8478104274600624e-01
   4.7700000000000408e+01   -1.2316284420138710e+00   -6.5263404044421269e-02
   4.7800000000000409e+01   -1.2321471504485337e+00    5.4889235346553739e-02
   4.7900000000000411e+01   -1.2206772980431442e+00    1.7450781276511951e-01
   4.8000000000000412e+01   -1.1973304843118864e+00    2.9242846187237265e-01
   4.8100000000000414e+01   -1.1623338693766192e+00    4.0750383685364694e-01
   4.8200000000000415e+01   -1.1160279637414650e+00    5.1861427587824993e-01
   4.8300000000000416e+01   -1.0588633151894247e+00    6.2467869519922448e-01
   4.8400000000000418e+01   -9.9139612503689256e-01    7.2466510789558525e-01
   4.8500000000000419e+01   -9.1428283639909302e-01    8.1760066491164107e-01
   4.8600000000000421e+01   -8.2827374712160273e-01    9.0258112069597185e-01
   4.8700000000000422e+01   -7.3420570952293662e-01    9.7877963134116641e-01
   4.8800000000000423e+01   -6.3299398797833484e-01    1.0454547996200712e+00
   4.8900000000000425e+01   -5.2562335356893430e-01    1.1019578886418553e+00
   4.9000000000000426e+01   -4.1313850244371869e-01    1.1477391339403689e+00
   4.9100000000000428e+01   -2.9663389112178967e-01    1.1823530925793602e+00
   4.9200000000000429e+01   -1.7724308763556351e-01    1.2054629772287586e+00
   4.9300000000000431e+01   -5.6127742126273403e-02    1.2168439330422738e+00
   4.9400000000000432e+01    6.5533715794183933e-02    1.2163852254529073e+00
   4.9500000000000433e+01    1.8655754294250593e-01    1.2040913175995351e+00
   4.9600000000000435e+01    3.0576620016329614e-01    1.1800818269014024e+00
   4.9700000000000436e+01    4.2199980956434718e-01    1.1445903612030539e+00
   4.9800000000000438e+01    5.3412743991114309e-01    1.0979622458137901e+00
   4.9900000000000439e+01    6.4105811037580762e-01    1.0406511635571294e+00
   5.0000000000000441e+01    7.4175140557608354e-01    9.7321474052196688e-01
   5.0100000000000442e+01    8.3522759862200346e-01    8.9630912046524147e-01
   5.0200000000000443e+01    9.2057718367490482e-01    8.1068258065615784e-01
   5.0300000000000445e+01    9.9696972526877692e-01    7.1716825127860218e-01
   5.0400000000000446e+01    1.0636619382917019e+00    6.1667600923060140e-01
   5.0500000000000448e+01    1.1200049200106839e+00    5.1018362519263794e-01
   5.0600000000000449e+01    1.1654504637736216e+00    3.9872725010218646e-01
   5.0700000000000450e+01    1.1995563929572859e+00    2.8339133359929136e-01
   5.0800000000000452e+01    1.2219908632629897e+00    1.6529807253482098e-01
   5.0900000000000453e+01    1.2325355914994180e+00    4.5596492205435213e-02
   5.1000000000000455e+01    1.2310879794371687e+00   -7.4548733447196314e-02
   5.1100000000000456e+01    1.2176621120702946e+00   -1.9396861389555892e-01
   5.1200000000000458e+01    1.1923886205719509e+00   -3.1150121608502884e-01
   5.1300000000000459e+01    1.1555134112775647e+00   -4.2600296982472075e-01
   5.1400000000000460e+01    1.1073952730622789e+00   -5.3635979451111249e-01
   5.1500000000000462e+01    1.0485023863924439e+00   -6.4149793892351237e-01
   5.1600000000000463e+01    9.7940776801742657e-01   -7.4039442862218952e-01
   5.1700000000000465e+01    9.0078369562403737e-01   -8.3208701929794282e-01
   5.1800000000000466e+01    8.1339516670063772e-01   -9.1568355922888167e-01
   5.1900000000000468e+01    7.1809245525495724e-01   -9.9037066974946952e-01
   5.2000000000000469e+01    6.1580283880736020e-01   -1.0554216592724930e+00
   5.2100000000000470e+01    5.0752157615436633e-01   -1.1102035938620056e+00
   5.2200000000000472e+01    3.9430222368709589e-01   -1.1541834555618986e+00
   5.2300000000000473e+01    2.7724638448504557e-01   -1.1869333285607122e+00
   5.2400000000000475e+01    1.5749298992459193e-01   -1.2081345627322806e+00
   5.2500000000000476e+01    3.6207218090162044e-02   -1.2175808740417362e+00
   5.2600000000000477e+01   -8.5430843190145753e-02   -1.2151803516505064e+00
   5.2700000000000479e+01   -2.0623767837795254e-01   -1.2009563521915467e+00
   5.2800000000000480e+01   -3.2503785960896830e-01   -1.1750472725136796e+00
   5.2900000000000482e+01   -4.4067548338580803e-01   -1.1377052031061941e+00
   5.3000000000000483e+01   -5.5202541730237742e-01   -1.0892934753056331e+00
   5.3100000000000485e+01   -6.5800424737130758e-01   -1.0302831261499856e+00
   5.3200000000000486e+01   -7.5758081943899414e-01   -9.6124831527659049e-01
   5.3300000000000487e+01   -8.4978627212224933e-01   -8.8286073845647650e-01
   5.3400000000000489e+01   -9.3372346364797221e-01   -7.9588309212040198e-01
   5.3500000000000490e+01   -1.0085757008744554e+00   -7.0116165246553108e-01
   5.3600000000000492e+01   -1.0736146855625857e+00   -5.9961804134664765e-01
   5.3700000000000493e+01   -1.1282076005812105e+00   -4.9224025906824209e-01
   5.3800000000000495e+01   -1.1718232670992186e+00   -3.8007307132672374e-01
   5.3900000000000496e+01   -1.2040373128560116e+00   -2.6420784383600848e-01
   5.4000000000000497e+01   -1.2245363012240615e+00   -1.4577192354367061e-01
   5.4100000000000499e+01   -1.2331207808885514e+00   -2.5917669756434530e-02
   5.4200000000000500e+01   -1.2297072264712865e+00    9.4188758099899933e-02
   5.4300000000000502e+01   -1.2143288512169692e+00    2.1337874699310450e-01
   5.4400000000000503e+01   -1.1871352838345532e+00    3.3049260067030001e-01
   5.4500000000000504e+01   -1.1483911126379496e+00    4.4439082328514207e-01
   5.4600000000000506e+01   -1.0984733111513216e+00    5.5396520647883740e-01
   5.4700000000000507e+01   -1.0378675702273497e+00    6.5814961203976985e-01
   5.4800000000000509e+01   -9.6716357236626382e-01    7.5593034522848013e-01
   5.4900000000000510e+01   -8.8704925421563763e-01    8.4635601783748959e-01
   5.5000000000000512e+01   -7.9830411307574278e-01    9.2854680502024645e-01
   5.5100000000000513e+01   -7.0179162253691385e-01    1.0017030058219825e+00
   5.5200000000000514e+01   -5.9845083104334995e-01    1.0651128241201195e+00
   5.5300000000000516e+01   -4.8928722512775258e-01    1.1181592942671348e+00
   5.5400000000000517e+01   -3.7536294621581484e-01    1.1603262840506774e+00
   5.5500000000000519e+01   -2.5778645618921997e-01    1.1912035165632584e+00
   5.5600000000000520e+01   -1.3770175225928488e-01    1.2104905621196651e+00
   5.5700000000000522e+01   -1.6277236088506342e-02    1.2179997613814910e+00
   5.5800000000000523e+01    1.0530565453862867e-01    1.2136580512473258e+00
   5.5900000000000524e+01    2.2586394088385647e-01    1.1975076757430390e+00
   5.6000000000000526e+01    3.4422461341654131e-01    1.1697057749953248e+00
   5.6100000000000527e+01    4.5923604497655857e-01    1.1305228562877223e+00
   5.6200000000000529e+01    5.6977919589072035e-01    1.0803401620754454e+00
   5.6300000000000530e+01    6.7477850201906087e-01    1.0196459605677475e+00
   5.6400000000000531e+01    7.7321233979233162e-01    9.4903079496975873e-01
   5.6500000000000533e+01    8.6412296641785369e-01    8.6918173760778195e-01
   5.6600000000000534e+01    9.4662583853738669e-01    7.8087570484433144e-01
   5.6700000000000536e+01    1.0199182186682196e+00    6.8497189782753831e-01
   5.6800000000000537e+01    1.0832869856884257e+00    5.8240344262501387e-01
   5.6900000000000539e+01    1.1361155733717228e+00    4.7416831108210217e-01
   5.7000000000000540e+01    1.1778899694612950e+00    3.6131961074286822e-01
   5.7100000000000541e+01    1.2082037169127147e+00    2.4495533831107205e-01
   5.7200000000000543e+01    1.2267618686448039e+00    1.2620769634803158e-01
   5.7300000000000544e+01    1.2333838573194544e+00    6.2320771539030456e-03
   5.7400000000000546e+01    1.2280052522279850e+00   -1.1380417898285157e-01
   5.7500000000000547e+01    1.2106783861898605e+00   -2.3273314178768373e-01
   5.7600000000000549e+01    1.1815718463641673e+00   -3.4939765474263157e-01
   5.7700000000000550e+01    1.1409688339281530e+00   -4.6266259400236109e-01
   5.7800000000000551e+01    1.0892644085828489e+00   -5.7142591293643186e-01
   5.7900000000000553e+01    1.0269616446962244e+00   -6.7462936483646130e-01
   5.8000000000000554e+01    9.5466673648387346e-01   -7.7126879945825644e-01
   5.8100000000000556e+01    8.7308309985291277e-01   -8.6040393321548825e-01
   5.8200000000000557e+01    7.8300452829704226e-01   -9.4116749796275490e-01
   5.8300000000000558e+01    6.8530746943462717e-01   -1.0127736793520898e+00
   5.8400000000000560e+01    5.8094249733763859e-01   -1.0745257626592870e+00
   5.8500000000000561e+01    4.7092506362409353e-01   -1.1258229116875866e+00
   5.8600000000000563e+01    3.5632561730413126e-01   -1.1661660147912580e+00
   5.8700000000000564e+01    2.3825918951177255e-01   -1.1951625411383677e+00
   5.8800000000000566e+01    1.1787454446096907e-01   -1.2125303599622039e+00
   5.8900000000000567e+01   -3.6569978148925930e-03   -1.2181004856407589e+00
   5.9000000000000568e+01   -1.2515295818738231e-01   -1.2118187218951588e+00
   5.9100000000000570e+01   -2.4543120373332128e-01   -1.1937461891093000e+00
   5.9200000000000571e+01   -3.6332144966656460e-01   -1.1640587296399685e+00
   5.9300000000000573e+01   -4.7767664598963122e-01   -1.1230451969036657e+00
   5.9400000000000574e+01   -5.8738413807519452e-01   -1.0711046448870039e+00
   5.9500000000000576e+01   -6.9137649258706868e-01   -1.0087424454262086e+00
   5.9600000000000577e+01   -7.8864188340650665e-01   -9.3656537103387116e-01
   5.9700000000000578e+01   -8.7823393651069548e-01   -8.5527569111612411e-01
   5.9800000000000580e+01   -9.5928093801462522e-01   -7.6566433902294229e-01
   5.9900000000000581e+01   -1.0309943157838100e+00   -6.6860321641488696e-01
   6.0000000000000583e+01   -1.0926763120933589e+00   -5.6503670982336396e-01
   6.0100000000000584e+01   -1.1437267726798632e+00   -4.5597250194667349e-01
   6.0200000000000585e+01   -1.1836489861298960e+00   -3.4247176708621951e-01
   6.0300000000000587e+01   -1.2120545167889687e+00   -2.2563884611944648e-01
   6.0400000000000588e+01   -1.2286669841676474e+00   -1.0661050147008172e-01
   6.0500000000000590e+01   -1.2333247520719151e+00    1.3455143377191114e-02
   6.0600000000000591e+01   -1.2259825012930441e+00    1.3338987220117787e-01
   6.0700000000000593e+01   -1.2067116705550041e+00    2.5202674256905466e-01
   6.0800000000000594e+01   -1.1756997614290661e+00    3.6821143996752626e-01
   6.0900000000000595e+01   -1.1332485139786568e+00    4.8081350906669429e-01
   6.1000000000000597e+01   -1.0797709708850947e+00    5.8873735283854300e-01
   6.1100000000000598e+01   -1.0157874586197149e+00    6.9093289251068046e-01
   6.1200000000000600e+01   -9.4192052476482413e-01    7.8640578463598443e-01
   6.1300000000000601e+01   -8.5888888074240599e-01    8.7422709586797875e-01
   6.1400000000000603e+01   -7.6750040888668802e-01    9.5354234130819060e-01
   6.1500000000000604e+01   -6.6864430190044633e-01    1.0235797984840613e+00
   6.1600000000000605e+01   -5.6328241117666344e-01    1.0836580160639659e+00
   6.1700000000000607e+01   -4.5243988816474862e-01    1.1331924442509482e+00
   6.1800000000000608e+01   -3.3719520983907281e-01    1.1717011223426881e+00
   6.1900000000000610e+01   -2.1866968532014042e-01    1.1988093681188026e+00
   6.2000000000000611e+01   -9.8016545747006911e-02    1.2142534234286271e+00
   6.2100000000000612e+01    2.3590276445561179e-02    1.2178830205085860e+00
   6.2200000000000614e+01    1.4496756966965352e-01    1.2096628440593686e+00
   6.2300000000000615e+01    2.6493435561120421e-01    1.1896728748571723e+00
   6.2400000000000617e+01    3.8232337992764420e-01    1.1581076115557407e+00
   6.2500000000000618e+01    4.9599246941388297e-01    1.1152741782509163e+00
   6.2600000000000620e+01    6.0483564513352361e-01    1.0615893362207505e+00
   6.2700000000000621e+01    7.0779388338662719e-01    9.9757542891637818e-01
   6.2800000000000622e+01    8.0386541981182646e-01    9.2385529965813906e-01
   6.2900000000000624e+01    8.9211549636580778e-01    8.4114623148680578e-01
   6.3000000000000625e+01    9.7168545634387615e-01    7.5025296813403319e-01
   6.3100000000000627e+01    1.0418010989487594e+00    6.5205988401667758e-01
   6.3200000000000628e+01    1.1017802121192619e+00    5.4752237943947346e-01
   6.3300000000000630e+01    1.1510392103257567e+00    4.3765758472913358e-01
   6.3400000000000631e+01    1.1890988127480113e+00    3.2353446374690403e-01
   6.3500000000000632e+01    1.2155887065877400e+00    2.0626341307054419e-01
   6.3600000000000634e+01    1.2302511501427249e+00    8.6985458043739528e-02
   6.3700000000000635e+01    1.2329434805852726e+00   -3.3138849186636732e-02
   6.3800000000000637e+01    1.2236395020447881e+00   -1.5294072162539774e-01
   6.3900000000000638e+01    1.2024297404886866e+00   -2.7125450950744739e-01
   6.4000000000000639e+01    1.1695205629216969e+00   -3.8692904185152432e-01
   6.4100000000000634e+01    1.1252321694735838e+00   -4.9883882713809236e-01
   6.4200000000000628e+01    1.0699954779118985e+00   -6.0589500413088171e-01
   6.4300000000000622e+01    1.0043479308928644e+00   -7.0705593629263952e-01
   6.4400000000000617e+01    9.2892826674506157e-01   -8.0133734671340928e-01
   6.4500000000000611e+01    8.4447030466520456e-01   -8.8782189494038788e-01
   6.4600000000000605e+01    7.5179580479489372e-01   -9.6566810252860003e-01
   6.4700000000000600e+01    6.5180647264845482e-01   -1.0341185404684545e+00
   6.4800000000000594e+01    5.4547518568728548e-01   -1.0925071988280470e+00
   6.4900000000000588e+01    4.3383652740449674e-01   -1.1402659669049717e+00
   6.5000000000000583e+01    3.1797672102143026e-01   -1.1769301608369780e+00
   6.5100000000000577e+01    1.9902306073929915e-01   -1.2021430448888570e+00
   6.5200000000000571e+01    7.8132943377891811e-02   -1.2156593024242848e+00
   6.5300000000000566e+01   -4.3517392878560643e-02   -1.2173474227907151e+00
   6.5400000000000560e+01   -1.6474431305846193e-01   -1.2071909808933807e+00
   6.5500000000000554e+01   -2.8436830194928270e-01   -1.1852887970083870e+00
   6.5600000000000549e+01   -4.0122544055950921e-01   -1.1518539752799464e+00
   6.5700000000000543e+01   -5.1417873083228438e-01   -1.1072118302569962e+00
   6.5800000000000537e+01   -6.2212915842340055e-01   -1.0517967216436093e+00
   6.5900000000000531e+01   -7.2402638590488688e-01   -9.8614782806048229e-01
   6.6000000000000526e+01   -8.1887897235132545e-01   -9.1090390093801155e-01
   6.6100000000000520e+01   -9.0576401987423549e-01   -8.2679704958459244e-01
   6.6200000000000514e+01   -9.8383615324555540e-01   -7.3464561790026361e-01
   6.6300000000000509e+01   -1.0523357452401683e+00   -6.3534622204393643e-01
   6.6400000000000503e+01   -1.1105963076664298e+00   -5.2986502652621636e-01
   6.6500000000000497e+01   -1.1580509761713573e+00   -4.1922834360979710e-01
   6.6600000000000492e+01   -1.1942380257245402e+00   -3.0451264748349954e-01
   6.6700000000000486e+01   -1.2188053631161473e+00   -1.8683410037017195e-01
   6.6800000000000480e+01   -1.2315139527578682e+00   -6.7337692477456967e-02
   6.6900000000000475e+01   -1.2322401424543865e+00    5.2813898542330290e-02
   6.7000000000000469e+01   -1.2209768665160645e+00    1.7245162022784563e-01
   6.7100000000000463e+01   -1.1978337145067790e+00    2.9041141997005648e-01
   6.7200000000000458e+01   -1.1630358649580050e+00    4.0554557102595612e-01
   6.7300000000000452e+01   -1.1169218944239079e+00    5.1673383968466213e-01
   6.7400000000000446e+01   -1.0599404831949282e+00    6.2289438493146454e-01
   6.7500000000000441e+01   -9.9264604972265014e-01    7.2299428455813608e-01
   6.7600000000000435e+01   -9.1569335623217807e-01    8.1605958530242384e-01
   6.7700000000000429e+01   -8.2983113800840436e-01    9.0118477923074902e-01
   6.7800000000000423e+01   -7.3589481834201842e-01    9.7754161416068674e-01
   6.7900000000000418e+01   -6.3479838001746647e-01    1.0443871523994668e+00
   6.8000000000000412e+01   -5.2752547243176118e-01    1.1010709993884800e+00
   6.8100000000000406e+01   -4.1511984087020792e-01    1.1470416319204337e+00
   6.8200000000000401e+01   -2.9867517106040170e-01    1.1818517643567907e+00
   6.8300000000000395e+01   -1.7932444781508022e-01    1.2051627006331993e+00
   6.8400000000000389e+01   -5.8228931302244671e-02    1.2167476297087203e+00
   6.8500000000000384e+01    6.3433141798627246e-02    1.2164938323947456e+00
   6.8600000000000378e+01    1.8447802231864285e-01    1.2044037780915766e+00
   6.8700000000000372e+01    3.0372796625704501e-01    1.1805951007616220e+00
   6.8800000000000367e+01    4.2002269400960213e-01    1.1452994543729913e+00
   6.8900000000000361e+01    5.3223067967169302e-01    1.0988602589498027e+00
   6.9000000000000355e+01    6.3926016057328416e-01    1.0417293591597130e+00
   6.9100000000000350e+01    7.4006975992508650e-01    9.7446262794998784e-01
   6.9200000000000344e+01    8.3367861921953645e-01    8.9771455800790889e-01
   6.9300000000000338e+01    9.1917594180023809e-01    8.1223189366959414e-01
   6.9400000000000333e+01    9.9572985474272468e-01    7.1884636523756473e-01
   6.9500000000000327e+01    1.0625955028221010e+00    6.1846659640078816e-01
   6.9600000000000321e+01    1.1191222958147782e+00    5.1206926349648185e-01
   6.9700000000000315e+01    1.1647602386194122e+00    4.0068959263240478e-01
   6.9800000000000310e+01    1.1990652826061587e+00    2.8541128713085484e-01
   6.9900000000000304e+01    1.2217036461266153e+00    1.6735598329845508e-01
   7.0000000000000298e+01    1.2324550621467021e+00    4.7672337115111374e-02
   7.0100000000000293e+01    1.2312149214036199e+00   -7.2475151973386331e-02
   7.0200000000000287e+01    1.2179952902343709e+00   -1.9191747141671656e-01
   7.0300000000000281e+01    1.1929247931725615e+00   -3.0949246983304013e-01
   7.0400000000000276e+01    1.1562473614557971e+00   -4.2405616452413042e-01
   7.0500000000000270e+01    1.1083198596204589e+00   -5.3449387221261757e-01
   7.0600000000000264e+01    1.0496086132766496e+00   -6.3973105470135871e-01
   7.0700000000000259e+01    9.8068487184740805e-01   -7.3874377392870239e-01
   7.0800000000000253e+01    9.0221925041888862e-01   -8.3056865469391761e-01
   7.0900000000000247e+01    8.1497520478126206e-01   -9.1431225811733763e-01
   7.1000000000000242e+01    7.1980160314696706e-01   -9.8915977463320737e-01
   7.1100000000000236e+01    6.1762446682210137e-01   -1.0543829519340431e+00
   7.1200000000000230e+01    5.0943796019267196e-01   -1.1093471807290927e+00
   7.1300000000000225e+01    3.9629471769144936e-01   -1.1535176693737934e+00
   7.1400000000000219e+01    2.7929560186222552e-01   -1.1864646472922409e+00
   7.1500000000000213e+01    1.5957899217359064e-01   -1.2078675465643431e+00
   7.1600000000000207e+01    3.8309708800063416e-02   -1.2175181209916013e+00
   7.1700000000000202e+01   -8.3332320859892048e-02   -1.2153224722935905e+00
   7.1800000000000196e+01   -2.0416354265630671e-01   -1.2013019637206293e+00
   7.1900000000000190e+01   -3.2300829144775933e-01   -1.1755930121933584e+00
   7.2000000000000185e+01   -4.3871023010285487e-01   -1.1384457609916705e+00
   7.2100000000000179e+01   -5.5014360044378785e-01   -1.0902216459074796e+00
   7.2200000000000173e+01   -6.5622417666241817e-01   -1.0313898785422075e+00
   7.2300000000000168e+01   -7.5591981463417457e-01   -9.6252288096584326e-01
   7.2400000000000162e+01   -8.4826049448693852e-01   -8.8429071615748767e-01
   7.2500000000000156e+01   -9.3234775871259445e-01   -7.9745456841815265e-01
   7.2600000000000151e+01   -1.0073634539901919e+00   -7.0285933719017624e-01
   7.2700000000000145e+01   -1.0725776916644161e+00   -6.0142541634400315e-01
   7.2800000000000139e+01   -1.1273559494254066e+00   -4.9413973891832896e-01
   7.2900000000000134e+01   -1.1711652450919066e+00   -3.8204617444660849e-01
   7.3000000000000128e+01   -1.2035793224279934e+00   -2.6623537230214128e-01
   7.3100000000000122e+01   -1.2242827985363633e+00   -1.4783414988408322e-01
   7.3200000000000117e+01   -1.2330742324748121e+00   -2.7994528895345247e-02
   7.3300000000000111e+01   -1.2298680852388473e+00    9.2117473612659720e-02
   7.3400000000000105e+01   -1.2146955520401705e+00    2.1133319036738740e-01
   7.3500000000000099e+01   -1.1877042587831139e+00    3.2849267478868804e-01
   7.3600000000000094e+01   -1.1491568256922593e+00    4.4245598705162947e-01
   7.3700000000000088e+01   -1.0994283120668749e+00    5.5211428548734165e-01
   7.3800000000000082e+01   -1.0390025670242280e+00    6.5640061540463146e-01
   7.3900000000000077e+01   -9.6846752173835915e-01    7.5430029035915513e-01
   7.4000000000000071e+01   -8.8850946897995065e-01    8.4486076486234529e-01
   7.4100000000000065e+01   -7.9990638561629579e-01    9.2720090247048481e-01
   7.4200000000000060e+01   -7.0352036304219145e-01    1.0005195490771581e+00
   7.4300000000000054e+01   -6.0028921919224298e-01    1.0641033279925516e+00
   7.4400000000000048e+01   -4.9121737374813013e-01    1.1173335809649410e+00
   7.4500000000000043e+01   -3.7736607532335653e-01    1.1596923876095293e+00
   7.4600000000000037e+01   -2.5984307571314369e-01    1.1907676046767210e+00
   7.4700000000000031e+01   -1.3979185167708247e-01    1.2102568761286943e+00
   7.4800000000000026e+01   -1.8380479124577187e-02    1.2179705750069805e+00
   7.4900000000000020e+01    1.0320973204482758e-01    1.2138336484672292e+00
   7.5000000000000014e+01    2.2379573186536383e-01    1.1978863480293176e+00
   7.5100000000000009e+01    3.4220424115947529e-01    1.1702838379376055e+00
   7.5200000000000003e+01    4.5728316732431440e-01    1.1312946854419195e+00
   7.5299999999999997e+01    5.6791281397683846e-01    1.0812982476885478e+00
   7.5399999999999991e+01    6.7301677538975868e-01    1.0207809806463075e+00
   7.5499999999999986e+01    7.7157240971752250e-01    9.5033170598114192e-01
   7.5599999999999980e+01    8.6262078910980344e-01    8.7063588193166930e-01
   7.5699999999999974e+01    9.4527602989975867e-01    7.8246893392899286e-01
   7.5799999999999969e+01    1.0187339120860717e+00    6.8668870985258912e-01
   7.5899999999999963e+01    1.0822797042428347e+00    5.8422713333122189e-01
   7.5999999999999957e+01    1.1352951177223654e+00    4.7608113630069920e-01
   7.6099999999999952e+01    1.1772643224878667e+00    3.6330295904298648e-01
   7.6199999999999946e+01    1.2077789660430056e+00    2.4698991208547816e-01
   7.6299999999999940e+01    1.2265421466251678e+00    1.2827369957522827e-01
   7.6399999999999935e+01    1.2333713020039612e+00    8.3094080097080303e-03
   7.6499999999999929e+01    1.2281999857775010e+00   -1.1173573253832386e-01
   7.6599999999999923e+01    1.2110785138834468e+00   -2.3069370535066222e-01
   7.6699999999999918e+01    1.1821734750343587e+00   -3.4740707164740942e-01
   7.6799999999999912e+01    1.1417661098407477e+00   -4.6074023224937194e-01
   7.6899999999999906e+01    1.0902495743926461e+00   -5.6959047674523577e-01
   7.6999999999999901e+01    1.0281251149245383e+00   -6.7289871265719392e-01
   7.7099999999999895e+01    9.5599719078344458e-01   -7.6965977021225651e-01
   7.7199999999999889e+01    8.7456759315276522e-01   -8.5893218245574876e-01
   7.7299999999999883e+01    7.8462861675559792e-01   -9.3984734554832683e-01
   7.7399999999999878e+01    6.8705535097557724e-01   -1.0116179701185375e+00
   7.7499999999999872e+01    5.8279716540118431e-01   -1.0735457414408454e+00
   7.7599999999999866e+01    4.7286847263758564e-01   -1.1250281139070315e+00
   7.7699999999999861e+01    3.5833885826210971e-01   -1.1655641736820301e+00
   7.7799999999999855e+01    2.4032267395704565e-01   -1.1947595125016603e+00
   7.7899999999999849e+01    1.1996819507663056e-01   -1.2123300651911149e+00
   7.7999999999999844e+01   -1.5535518569329415e-03   -1.2181048735658708e+00
   7.8099999999999838e+01   -1.2306018302205944e-01   -1.2120277498227827e+00
   7.8199999999999832e+01   -2.4336946167075774e-01   -1.1941578232368768e+00
   7.8299999999999827e+01   -3.6131080107060942e-01   -1.1646689648445869e+00
   7.8399999999999821e+01   -4.7573665409427934e-01   -1.1238480957111574e+00
   7.8499999999999815e+01   -5.8553367863798700e-01   -1.0720923952424544e+00
   7.8599999999999810e+01   -6.8963357023150906e-01   -1.0099054367037874e+00
   7.8699999999999804e+01   -7.8702345644044924e-01   -9.3789228754641951e-01
   7.8799999999999798e+01   -8.7675575192518818e-01   -8.5675362221467077e-01
   7.8899999999999793e+01   -9.5795737826863792e-01   -7.6727890471489801e-01
   7.8999999999999787e+01   -1.0298382588656043e+00   -6.7033870727867717e-01
   7.9099999999999781e+01   -1.0916990062200762e+00   -5.6687623985815627e-01
   7.9199999999999775e+01   -1.1429377268544800e+00   -4.5789817287000123e-01
   7.9299999999999770e+01   -1.1830558776204072e+00   -3.4446484248091541e-01
   7.9399999999999764e+01   -1.2116631164300087e+00   -2.2767993373547007e-01
   7.9499999999999758e+01   -1.2284811002113512e+00   -1.0867974190747764e-01
   7.9599999999999753e+01   -1.2333461931343381e+00    1.1377883440053582e-02
   7.9699999999999747e+01   -1.2262110587566677e+00    1.3132480411415898e-01
   7.9799999999999741e+01   -1.2071451205985442e+00    2.4999395905759800e-01
   7.9899999999999736e+01   -1.1763338866648376e+00    3.6623071963420606e-01
   7.9999999999999730e+01   -1.1340771444869659e+00    4.7890412394911946e-01
   8.0099999999999724e+01   -1.0807860442464008e+00    5.8691788089604313e-01
   8.0199999999999719e+01   -1.0169790983604612e+00    6.8922103686424352e-01
   8.0299999999999713e+01   -9.4327713645367517e-01    7.8481820132020752e-01
   8.0399999999999707e+01   -8.6039726480189060e-01    8.7277923177097327e-01
   8.0499999999999702e+01   -7.6914588902261460e-01    9.5224828387625604e-01
   8.0599999999999696e+01   -6.7041086789949444e-01    1.0224521386534733e+00
   8.0699999999999690e+01   -5.6515287468275899e-01    1.0827077257535254e+00
   8.0799999999999685e+01   -4.5439604991854682e-01    1.1324287696072688e+00
   8.0899999999999679e+01   -3.3921803675334061e-01    1.1711314937769215e+00
   8.0999999999999673e+01   -2.2073949566812806e-01    1.1984393280101320e+00
   8.1099999999999667e+01   -1.0011320066196035e-01    1.2140865721979555e+00
   8.1199999999999662e+01    2.1487177023001222e-02    1.2179209815871157e+00
   8.1299999999999656e+01    1.4287848850269746e-01    1.2099052480929202e+00
   8.1399999999999650e+01    2.6287961906806284e-01    1.1901173632999316e+00
   8.1499999999999645e+01    3.8032298020977551e-01    1.1587498596184673e+00
   8.1599999999999639e+01    4.9406587003561914e-01    1.1161079369803326e+00
   8.1699999999999633e+01    6.0300159154572441e-01    1.0626064933006851e+00
   8.1799999999999628e+01    7.0607022058695634e-01    9.9876608759908314e-01
   8.1899999999999622e+01    8.0226891871626915e-01    9.2520787505778945e-01
   8.1999999999999616e+01    8.9066169063080125e-01    8.4264756329826784e-01
   8.2099999999999611e+01    9.7038849122674409e-01    7.5188844868016680e-01
   8.2199999999999605e+01    1.0406735936770093e+00    6.5381360037829694e-01
   8.2299999999999599e+01    1.1008331371078661e+00    5.4937726828506839e-01
   8.2399999999999594e+01    1.1502817804370717e+00    4.3959559833788686e-01
   8.2499999999999588e+01    1.1885383976328936e+00    3.2553674560963253e-01
   8.2599999999999582e+01    1.2152307589802243e+00    2.0831048135999897e-01
   8.2699999999999577e+01    1.2300991528059444e+00    8.9057395169133705e-02
   8.2799999999999571e+01    1.2329989124248262e+00   -3.1062202785202747e-02
   8.2899999999999565e+01    1.2239018237192660e+00   -1.5087957132819677e-01
   8.2999999999999559e+01    1.2028963996573614e+00   -2.6922890992056242e-01
   8.3099999999999554e+01    1.1701870190783206e+00   -3.8495870167928992e-01
   8.3199999999999548e+01    1.1260919381246621e+00   -4.9694291742109548e-01
   8.3299999999999542e+01    1.0710401936695977e+00   -6.0409197171533002e-01
   8.3399999999999537e+01    1.0055674288686665e+00   -7.0536332434600491e-01
   8.3499999999999531e+01    9.3031068145222495e-01   -7.9977162403269653e-01
   8.3599999999999525e+01    8.4600218546772610e-01   -8.8639829571382656e-01
   8.3699999999999520e+01    7.5346224677967588e-01   -9.6440047810984797e-01
   8.3799999999999514e+01    6.5359126164731662e-01   -1.0330192246055230e+00
   8.3899999999999508e+01    5.4736095603778012e-01   -1.0915868876582442e+00
   8.3999999999999503e+01    4.3580493091455230e-01   -1.1395336148834916e+00
   8.4099999999999497e+01    3.2000860549381971e-01   -1.1763928936117289e+00
   8.4199999999999491e+01    2.0109865631892981e-01   -1.2018060899692440e+00
   8.4299999999999486e+01    8.0232054908790068e-02   -1.2155259383185222e+00
   8.4399999999999480e+01   -4.1415189358166793e-02   -1.2174189471065562e+00
   8.4499999999999474e+01   -1.6265947159482275e-01   -1.2074666977126378e+00
   8.4599999999999469e+01   -2.8232110765909030e-01   -1.1857660236580845e+00
   8.4699999999999463e+01   -3.9923581225951399e-01   -1.1525280684342265e+00
   8.4799999999999457e+01   -5.1226602723294135e-01   -1.1080762311158090e+00
   8.4899999999999451e+01   -6.2031198977224500e-01   -1.0528430197486076e+00
   8.4999999999999446e+01   -7.2232243291231368e-01   -9.8736584312720577e-01
   8.5099999999999440e+01   -8.1730481416059075e-01   -9.1228178190814602e-01
   8.5199999999999434e+01   -9.0433497274950025e-01   -8.2832138993454629e-01
   8.5299999999999429e+01   -9.8256612154750578e-01   -7.3630158608412954e-01
   8.5399999999999423e+01   -1.0512370861391920e+00   -6.3711770580165339e-01
   8.5499999999999417e+01   -1.1096797109096643e+00   -5.3173478965284016e-01
   8.5599999999999412e+01   -1.1573253600734539e+00   -4.2117819366054376e-01
   8.5699999999999406e+01   -1.1937104503941334e+00   -3.0652361278282381e-01
   8.5799999999999400e+01   -1.2184809617623216e+00   -1.8888661460261436e-01
   8.5899999999999395e+01   -1.2313958817449959e+00   -6.9411785064226017e-02
   8.5999999999999389e+01   -1.2323295505912935e+00    5.0738408133369384e-02
   8.6099999999999383e+01   -1.2212728838783355e+00    1.7039492612937560e-01
   8.6199999999999378e+01   -1.1983334609009602e+00    2.8839353343018170e-01
   8.6299999999999372e+01   -1.1637344779453451e+00    4.0358612570250951e-01
   8.6399999999999366e+01   -1.1178125766309768e+00    5.1485190061339403e-01
   8.6499999999999361e+01   -1.0610145684507863e+00    6.2110826302681799e-01
   8.6599999999999355e+01   -9.9389308737906712e-01    7.2132135845148126e-01
   8.6699999999999349e+01   -9.1710121284648138e-01    8.1451613225123221e-01
   8.6799999999999343e+01   -8.3138611539960272e-01    8.9978581674392866e-01
   8.6899999999999338e+01   -7.3758178687153542e-01    9.7630075388103532e-01
   8.6999999999999332e+01   -6.3660092579768812e-01    1.0433164676649385e+00
   8.7099999999999326e+01   -5.2942605703008594e-01    1.1001809077608697e+00
   8.7199999999999321e+01   -4.1709997195470910e-01    1.1463407938244536e+00
   8.7299999999999315e+01   -3.0071558232675089e-01    1.1813469988157608e+00
   8.7399999999999309e+01   -1.8140528644407766e-01    1.2048589189212286e+00
   8.7499999999999304e+01   -6.0329951124029058e-02    1.2166477875649304e+00
   8.7599999999999298e+01    6.1332383313140573e-02    1.2165989012644827e+00
   8.7699999999999292e+01    1.8239796515578535e-01    1.2047127356744303e+00
   8.7799999999999287e+01    3.0168884898315890e-01    1.1811049409582171e+00
   8.7899999999999281e+01    4.1804435685358293e-01    1.1460052165337713e+00
   8.7999999999999275e+01    5.3033237148328116e-01    1.0997550761412198e+00
   8.8099999999999270e+01    6.3746035153536462e-01    1.0428045249782047e+00
   8.8199999999999264e+01    7.3838596184227101e-01    9.7570768123365192e-01
   8.8299999999999258e+01    8.3212721513158672e-01    8.9911738462164803e-01
   8.8399999999999253e+01    9.1777202657815959e-01    8.1377884437337977e-01
   8.8499999999999247e+01    9.9448708821850096e-01    7.2052238849098460e-01
   8.8599999999999241e+01    1.0615259768810887e+00    6.2025538481171316e-01
   8.8699999999999235e+01    1.1182364167439285e+00    5.1395341248893534e-01
   8.8799999999999230e+01    1.1640666258560495e+00    4.0265076978982461e-01
   8.8899999999999224e+01    1.1985706848724709e+00    2.8743041056707080e-01
   8.8999999999999218e+01    1.2214128757658516e+00    1.6941340732086468e-01
   8.9099999999999213e+01    1.2323709482999752e+00    4.9748043373586986e-02
   8.9199999999999207e+01    1.2313382824828936e+00   -7.0401359711702721e-02
   8.9299999999999201e+01    1.2183249259594646e+00   -1.8986577076185293e-01
   8.9399999999999196e+01    1.1934574962496516e+00   -3.0748282344783062e-01
   8.9499999999999190e+01    1.1569779487837848e+00   -4.2210812589124730e-01
   8.9599999999999184e+01    1.1092412227215722e+00   -5.3262639538284973e-01
   8.9699999999999179e+01    1.0507117874606002e+00   -6.3796230987425007e-01
   8.9799999999999173e+01    9.8195912343614722e-01   -7.3709097065991558e-01
   8.9899999999999167e+01    9.0365218118328294e-01   -8.2904787444948314e-01
   8.9999999999999162e+01    8.1655287257353937e-01   -9.1293829780400326e-01
   9.0099999999999156e+01    7.2150865755520111e-01   -9.8794600262730881e-01
   9.0199999999999150e+01    6.1944429852684280e-01   -1.0533411780097079e+00
   9.0299999999999145e+01    5.1135286257251356e-01   -1.1084875411513513e+00
   9.0399999999999139e+01    3.9828605910513365e-01   -1.1528485282746201e+00
   9.0499999999999133e+01    2.8134400693102224e-01   -1.1859925152891175e+00
   9.0599999999999127e+01    1.6166453030010047e-01   -1.2075970174131712e+00
   9.0699999999999122e+01    4.0412088089195053e-02   -1.2174518268903181e+00
   9.0799999999999116e+01   -8.1233556164585774e-02   -1.2154610582713761e+00
   9.0899999999999110e+01   -2.0208881314195243e-01   -1.2016440813618940e+00
   9.0999999999999105e+01   -3.2097778384367781e-01   -1.1761353327575739e+00
   9.1099999999999099e+01   -4.3674370086746822e-01   -1.1391830078013907e+00
   9.1199999999999093e+01   -5.4826018353798167e-01   -1.0911466456894234e+00
   9.1299999999999088e+01   -6.5444219737968867e-01   -1.0324936312218638e+00
   9.1399999999999082e+01   -7.5425661129895727e-01   -9.6379464723650843e-01
   9.1499999999999076e+01   -8.4673224975596095e-01   -8.8571812197170752e-01
   9.1599999999999071e+01   -9.3096934212065940e-01   -7.9902372538488464e-01
   9.1699999999999065e+01   -1.0061482772723906e+00   -7.0455497770623166e-01
   9.1799999999999059e+01   -1.0715375782624597e+00   -6.0323104214496426e-01
   9.1899999999999054e+01   -1.1265010194477538e+00   -4.9603778160356976e-01
   9.1999999999999048e+01   -1.1705038168470057e+00   -3.8401816641654002e-01
   9.2099999999999042e+01   -1.2031178314886999e+00   -2.6826212644449454e-01
   9.2199999999999037e+01   -1.2240257351230219e+00   -1.4989594626091524e-01
   9.2299999999999031e+01   -1.2330240977662548e+00   -3.0071306614339322e-02
   9.2399999999999025e+01   -1.2300253670363919e+00    9.0045921209471635e-02
   9.2499999999999019e+01   -1.2150587200214051e+00    2.0928701909662994e-01
   9.2599999999999014e+01   -1.1882697793916472e+00    3.2649179351332430e-01
   9.2699999999999008e+01   -1.1499191965185624e+00    4.4051986397145576e-01
   9.2799999999999002e+01   -1.1003801153856942e+00    5.5026175871705230e-01
   9.2899999999998997e+01   -1.0401345419676622e+00    6.5464970968249359e-01
   9.2999999999998991e+01   -9.6976865440236759e-01    7.5266804166968360e-01
   9.3099999999998985e+01   -8.8996709958757592e-01    8.4336305467936612e-01
   9.3199999999998980e+01   -8.0150633169492047e-01    9.2585230323337175e-01
   9.3299999999998974e+01   -7.0524705741633853e-01    9.9933318240372859e-01
   9.3399999999998968e+01   -6.0212586144927571e-01    1.0630907370081846e+00
   9.3499999999998963e+01   -4.9314609370311813e-01    1.1165046179901303e+00
   9.3599999999998957e+01   -3.7936810689262601e-01    1.1590551182986526e+00
   9.3699999999998951e+01   -2.6189893950475412e-01    1.1903282295407336e+00
   9.3799999999998946e+01   -1.4188154452165946e-01    1.2100196702053196e+00
   9.3899999999998940e+01   -2.0483668702401342e-02    1.2179378462653949e+00
   9.3999999999998934e+01    1.0111350937416051e-01    1.2140057153519541e+00
   9.4099999999998929e+01    2.2172687195555724e-01    1.1982615363618141e+00
   9.4199999999998923e+01    3.4018287362969779e-01    1.1708584972057174e+00
   9.4299999999998917e+01    4.5532895970177817e-01    1.1320632243186730e+00
   9.4399999999998911e+01    5.6604478033544559e-01    1.0822531884347146e+00
   9.4499999999998906e+01    6.7125309134672573e-01    1.0219130318674061e+00
   9.4599999999998900e+01    7.6993023558803164e-01    9.5162985303096437e-01
   9.4699999999998894e+01    8.6111610294035190e-01    8.7208749408272457e-01
   9.4799999999998889e+01    9.4392347200476112e-01    7.8405988726711784e-01
   9.4899999999998883e+01    1.0175466426003446e+00    6.8840352469998645e-01
   9.4999999999998877e+01    1.0812692750759514e+00    5.8604912486082372e-01
   9.5099999999998872e+01    1.1344713601607412e+00    4.7799257687640717e-01
   9.5199999999998866e+01    1.1766352515381842e+00    3.6528525070624851e-01
   9.5299999999998860e+01    1.2073507024477022e+00    2.4902376750993949e-01
   9.5399999999998855e+01    1.2263188573087589e+00    1.3033932972880199e-01
   9.5499999999998849e+01    1.2333551595296457e+00    1.0386714698148308e-02
   9.5599999999998843e+01    1.2283911472085285e+00   -1.0966696111975863e-01
   9.5699999999998838e+01    1.2114751192549214e+00   -2.2865359796013751e-01
   9.5799999999998832e+01    1.1827716654503493e+00   -3.4541547814747015e-01
   9.5899999999998826e+01    1.1425600650206218e+00   -4.5881653047150034e-01
   9.5999999999998820e+01    1.0912315693013097e+00   -5.6775338394718278e-01
   9.6099999999998815e+01    1.0292855949355793e+00   -6.7116610340756955e-01
   9.6199999999998809e+01    9.5732486464385713e-01   -7.6804850247432710e-01
   9.6299999999998803e+01    8.7604954284472525e-01   -8.5745793356261424e-01
   9.6399999999998798e+01    7.8625042318635541e-01   -9.3852445966540798e-01
   9.6499999999998792e+01    6.8880123427252604e-01   -1.0104593186775346e+00
   9.6599999999998786e+01    5.8465013844706548e-01   -1.0725625979031204e+00
   9.6699999999998781e+01    4.7481050635195404e-01   -1.1242300440749420e+00
   9.6799999999998775e+01    3.6035105702090803e-01   -1.1649589426254647e+00
   9.6899999999998769e+01    2.4238545944348489e-01   -1.1943530090053647e+00
   9.6999999999998764e+01    1.2206149677454289e-01   -1.2121262444579193e+00
   9.7099999999998758e+01    5.4989861926656169e-04   -1.2181057187333084e+00
   9.7199999999998752e+01   -1.2096704994646931e-01   -1.2122332526675328e+00
   9.7299999999998747e+01   -2.4130701178829933e-01   -1.1945659842547760e+00
   9.7399999999998741e+01   -3.5929910163208667e-01   -1.1652758127054301e+00
   9.7499999999998735e+01   -4.7379527855818854e-01   -1.1246477258989962e+00
   9.7599999999998730e+01   -5.8368151622443409e-01   -1.0730770275054309e+00
   9.7699999999998724e+01   -6.8788864213363854e-01   -1.0110654907545265e+00
   9.7799999999998718e+01   -7.8540274048161207e-01   -9.3921647627642912e-01
   9.7899999999998712e+01   -8.7527501736790292e-01   -8.5822906151579248e-01
   9.7999999999998707e+01   -9.5663103238262182e-01   -7.6889123883926436e-01
   9.8099999999998701e+01   -1.0286792067477393e+00   -6.7207224851744796e-01
   9.8199999999998695e+01   -1.0907185252302352e+00   -5.6871412117998532e-01
   9.8299999999998690e+01   -1.1421453568889284e+00   -4.5982251203408997e-01
   9.8399999999998684e+01   -1.1824593282904006e+00   -3.4645691602786438e-01
   9.8499999999998678e+01   -1.2112681920487205e+00   -2.2972035916302960e-01
   9.8599999999998673e+01   -1.2282916433189930e+00   -1.1074866625866205e-01
   9.8699999999998667e+01   -1.2333640471109637e+00    9.3005904114154964e-03
   9.8799999999998661e+01   -1.2264360498864306e+00    1.2925935407990152e-01
   9.8899999999998656e+01   -1.2075750597599204e+00    2.4796044845943979e-01
   9.8999999999998650e+01   -1.1769645906303681e+00    3.6424893414913873e-01
   9.9099999999998644e+01   -1.1349024766252749e+00    4.7699334597847876e-01
   9.9199999999998639e+01   -1.0817979742304693e+00    5.8509670195135788e-01
   9.9299999999998633e+01   -1.0181677803012041e+00    6.8750717667531314e-01
   9.9399999999998627e+01   -9.4463100469859629e-01    7.8322833542545178e-01
   9.9499999999998622e+01   -8.6190314646671407e-01    8.7132882926756938e-01
   9.9599999999998616e+01   -7.7078913216097977e-01    9.5095145690872196e-01
   9.9699999999998610e+01   -6.7217548406364813e-01    1.0213215051051467e+00
   9.9799999999998604e+01   -5.6702169448815509e-01    1.0817542864769236e+00
   9.9899999999998599e+01   -4.5635089009874030e-01    1.1316618013878559e+00
   9.9999999999998593e+01   -3.4123987707976189e-01    1.1705584590717242e+00
