              1.00000e-01    8.3347225529895042e-04    5.5621762662383389e-07    3.4732559051064982e-08    3.3112068642537906e-11
              5.00000e-02    2.0834201440544931e-04    3.4732559051064982e-08    2.1703006058970686e-09    5.1658677335808534e-13
              3.33333e-02    9.2594307315563285e-05    6.8596182067892641e-09    4.2868397720496887e-10    4.5297099404706387e-14
              2.50000e-02    5.2083875875852392e-05    2.1703006058970686e-09    1.3563683509687507e-10    8.1046280797636427e-15
              2.00000e-02    3.3333555557790717e-05    8.8893159500003094e-10    5.5556448330662533e-11    1.9984014443252818e-15
              1.66667e-02    2.3148255316018940e-05    4.2868375516036394e-10    2.6791902030254278e-11    2.2204460492503131e-16
              1.42857e-02    1.7006860567936322e-05    2.3139068439093080e-10    1.4461543074162364e-11    5.5511151231257827e-16
              1.25000e-02    1.3020867241420042e-05    1.3563616896306030e-10    8.4774409714327703e-12    1.1102230246251565e-16
              1.11111e-02    1.0288087012866320e-05    8.4676710088160689e-11    5.2928772475979713e-12    3.3306690738754696e-16
              1.00000e-02    8.3333472221669425e-06    5.5556448330662533e-11    3.4718894426077895e-12    2.2204460492503131e-16
              9.09091e-03    6.8870618281646756e-06    3.7945646624848450e-11    2.3723245590190345e-12    2.2204460492503131e-16
              8.33333e-03    5.7870437351059678e-06    2.6792568164069053e-11    1.6746604103445861e-12    2.2204460492503131e-16
              7.69231e-03    4.9309713318068660e-06    1.9451551480642593e-11    1.2161383011743965e-12    4.4408920985006262e-16
              7.14286e-03    4.2517042958545304e-06    1.4461321029557439e-11    9.0394358664980246e-13    5.5511151231257827e-16
              6.66667e-03    3.7037064467559944e-06    1.0974110509209822e-11    6.8589578461342171e-13    4.4408920985006262e-16
              6.25000e-03    3.2552104523020375e-06    8.4772189268278453e-12    5.3046456116589980e-13    2.2204460492503131e-16
              5.88235e-03    2.8835080065903185e-06    6.6517902297391629e-12    4.1433523279010842e-13    1.1102230246251565e-16
              5.55556e-03    2.5720177836419111e-06    5.2919890691782712e-12    3.3106850594322168e-13    2.2204460492503131e-16
              5.26316e-03    2.3084036514520179e-06    4.2630343699556761e-12    2.6689761511988763e-13    1.1102230246251565e-16
              5.00000e-03    2.0833342017079204e-06    3.4723335318176396e-12    2.1782575743145571e-13    2.2204460492503131e-16
              4.76190e-03    1.8896454599959256e-06    2.8568258869654528e-12    1.7807977314987511e-13    1.1102230246251565e-15
              4.54545e-03    1.7217636777422385e-06    2.3714363805993344e-12    1.4743761767022079e-13    4.4408920985006262e-16
              4.34783e-03    1.5752998028251142e-06    1.9850787680297799e-12    1.2434497875801753e-13    2.2204460492503131e-16
              4.16667e-03    1.4467596778366953e-06    1.6746604103445861e-12    1.0391687510491465e-13    4.4408920985006262e-16
              4.00000e-03    1.3333336887910718e-06    1.4224177391497506e-12    8.9483975784787617e-14    1.1102230246251565e-16
              3.84615e-03    1.2327419208757462e-06    1.2159162565694714e-12    7.7715611723760958e-14    2.2204460492503131e-16
              3.70370e-03    1.1431186887067568e-06    1.0458300891968975e-12    6.4614980033184111e-14    2.2204460492503131e-16
              3.57143e-03    1.0629253960336982e-06    9.0327745283502736e-13    5.5511151231257827e-14    2.2204460492503131e-16
              3.44828e-03    9.9088406424474584e-07    7.8559381222476077e-13    4.8405723873656825e-14    6.6613381477509392e-16
              3.33333e-03    9.2592609723940456e-07    6.8611782921834674e-13    4.2188474935755949e-14    4.4408920985006262e-16
              3.22581e-03    8.6715242264556736e-07    6.0174087934683484e-13    3.8191672047105385e-14    2.2204460492503131e-16
              3.12500e-03    8.1380221517157736e-07    5.3002047195604973e-13    3.0864200084579352e-14    2.2204460492503131e-16
              3.03030e-03    7.6522815528612398e-07    4.6873616099674109e-13    2.9087843245179101e-14    4.4408920985006262e-16
              2.94118e-03    7.2087669078513272e-07    4.1566750041965861e-13    2.5979218776228663e-14    2.2204460492503131e-16
              2.85714e-03    6.8027220134769806e-07    3.7059244561987725e-13    2.4202861936828413e-14    2.2204460492503131e-16
              2.77778e-03    6.4300419755358718e-07    3.3084646133829665e-13    2.1538326677728037e-14    6.6613381477509392e-16
              2.70270e-03    6.0871689855357403e-07    2.9642954757491680e-13    1.9761969838327786e-14    2.2204460492503131e-16
              2.63158e-03    5.7710071255101525e-07    2.6645352591003757e-13    1.5765166949677223e-14    1.1102230246251565e-15
              2.56410e-03    5.4788522296789210e-07    2.4025226252888388e-13    1.3544720900426910e-14    4.4408920985006262e-16
              2.50000e-03    5.2083338719643990e-07    2.1715962361668062e-13    1.2212453270876722e-14    8.8817841970012523e-16
              2.43902e-03    4.9573671334623981e-07    1.9673151996357774e-13    9.9920072216264089e-15    6.6613381477509392e-16
              2.38095e-03    4.7241123146690711e-07    1.7963408538435033e-13    1.0880185641326534e-14    2.2204460492503131e-16
              2.32558e-03    4.5069410936626753e-07    1.6231460620019789e-13    1.0658141036401503e-14    4.4408920985006262e-16
              2.27273e-03    4.3044080877407964e-07    1.4854784069484595e-13    9.1038288019262836e-15    2.2204460492503131e-16
              2.22222e-03    4.1152266816446570e-07    1.3589129821411916e-13    9.1038288019262836e-15    2.2204460492503131e-16
              2.17391e-03    3.9382485750305563e-07    1.2412293415309250e-13    6.2172489379008766e-15    6.6613381477509392e-16
              2.12766e-03    3.7724463386457074e-07    1.1457501614131615e-13    5.9952043329758453e-15    2.2204460492503131e-16
              2.08333e-03    3.6168984141049521e-07    1.0502709812953981e-13    7.3274719625260332e-15    1.1102230246251565e-16
              2.04082e-03    3.4707763096886168e-07    9.6589403142388619e-14    6.6613381477509392e-15    2.2204460492503131e-16
              2.00000e-03    3.3333335502927497e-07    8.8817841970012523e-14    4.6629367034256575e-15    4.4408920985006262e-16
              1.96078e-03    3.2038961395031151e-07    8.2156503822261584e-14    5.3290705182007514e-15    2.2204460492503131e-16
              1.92308e-03    3.0818542184896103e-07    7.5939254884360707e-14    4.4408920985006262e-15    2.2204460492503131e-16
              1.88679e-03    2.9666549816731447e-07    7.0610184366159956e-14    4.4408920985006262e-15    4.4408920985006262e-16
              1.85185e-03    2.8577962363218745e-07    6.5503158452884236e-14    4.8849813083506888e-15    4.4408920985006262e-16
              1.81818e-03    2.7548210856931377e-07    6.0840221749458578e-14    3.1086244689504383e-15    2.2204460492503131e-16
              1.78571e-03    2.6573130740281670e-07    5.6621374255882984e-14    2.4424906541753444e-15    2.2204460492503131e-16
              1.75439e-03    2.5648918822174238e-07    5.2180482157382357e-14    2.8865798640254070e-15    8.8817841970012523e-16
              1.72414e-03    2.4772097972913798e-07    4.9737991503207013e-14    3.7747582837255322e-15    3.3306690738754696e-16
              1.69492e-03    2.3939482085566510e-07    4.5741188614556449e-14    4.4408920985006262e-15    2.2204460492503131e-16
              1.66667e-03    2.3148149264073936e-07    4.3298697960381105e-14    2.4424906541753444e-15    2.2204460492503131e-16
              1.63934e-03    2.2395414422948789e-07    4.0634162701280729e-14    2.8865798640254070e-15    2.2204460492503131e-16
              1.61290e-03    2.1678807704539338e-07    3.7525538232330291e-14    3.1086244689504383e-15    2.2204460492503131e-16
              1.58730e-03    2.0996053684552152e-07    3.5749181392930041e-14    1.9984014443252818e-15    4.4408920985006262e-16
              1.56250e-03    2.0345053053372197e-07    3.3306690738754696e-14    5.7731597280508140e-15    3.3306690738754696e-16
              1.53846e-03    1.9723866673260204e-07    3.1530333899354446e-14    8.8817841970012523e-16    8.8817841970012523e-16
              1.51515e-03    1.9130701700564856e-07    2.8865798640254070e-14    3.3306690738754696e-15    4.4408920985006262e-16
              1.49254e-03    1.8563897541401531e-07    2.7533531010703882e-14    1.5543122344752192e-15    1.1102230246251565e-15
              1.47059e-03    1.8021915315635795e-07    2.5757174171303632e-14    3.1086244689504383e-15    1.1102230246251565e-16
              1.44928e-03    1.7503326232848337e-07    2.4202861936828413e-14    1.5543122344752192e-15    2.2204460492503131e-16
              1.42857e-03    1.7006803232355594e-07    2.2870594307278225e-14    1.1102230246251565e-15    6.6613381477509392e-16
              1.40845e-03    1.6531112156936700e-07    2.2648549702353193e-14    2.4424906541753444e-15    6.6613381477509392e-16
              1.38889e-03    1.6075103315138506e-07    2.1316282072803006e-14    1.9984014443252818e-15    2.2204460492503131e-16
              1.36986e-03    1.5637706118898365e-07    1.9095836023552692e-14    1.5543122344752192e-15    2.2204460492503131e-16
              1.35135e-03    1.5217920978916055e-07    1.8651746813702630e-14    1.9984014443252818e-15    6.6613381477509392e-16
              1.33333e-03    1.4814815285646432e-07    1.7541523789077473e-14    1.5543122344752192e-15    4.4408920985006262e-16
              1.31579e-03    1.4427516636938975e-07    1.7763568394002505e-14    2.4424906541753444e-15    6.6613381477509392e-16
              1.29870e-03    1.4055209285324111e-07    1.5987211554602254e-14    8.8817841970012523e-16    4.4408920985006262e-16
              1.28205e-03    1.3697129541689890e-07    1.5543122344752192e-14    1.1102230246251565e-16    6.6613381477509392e-16
              1.26582e-03    1.3352561367696580e-07    1.4210854715202004e-14    8.8817841970012523e-16    4.4408920985006262e-16
              1.25000e-03    1.3020833755650330e-07    1.4432899320127035e-14    1.5543122344752192e-15    7.7715611723760958e-16
              1.23457e-03    1.2701316132179841e-07    1.2656542480726785e-14    2.4424906541753444e-15    6.6613381477509392e-16
              1.21951e-03    1.2393417092582126e-07    1.2878587085651816e-14    3.3306690738754696e-16    3.3306690738754696e-16
              1.20482e-03    1.2096579404818897e-07    1.1990408665951691e-14    3.7747582837255322e-15    2.2204460492503131e-16
              1.19048e-03    1.1810279965107640e-07    1.1324274851176597e-14    2.4424906541753444e-15    1.1102230246251565e-15
              1.17647e-03    1.1534025678994198e-07    9.9920072216264089e-15    1.3322676295501878e-15    2.2204460492503131e-16
              1.16279e-03    1.1267351929244995e-07    1.0436096431476471e-14    5.5511151231257827e-16    2.2204460492503131e-16
              1.14943e-03    1.1009821154761568e-07    1.0880185641326534e-14    1.5543122344752192e-15    4.4408920985006262e-16
              1.13636e-03    1.0761019553218176e-07    9.1038288019262836e-15    1.3322676295501878e-15    1.1102230246251565e-16
              1.12360e-03    1.0520557480742099e-07    9.5479180117763462e-15    6.6613381477509392e-16    9.9920072216264089e-16
              1.11111e-03    1.0288066021324482e-07    8.6597395920762210e-15    4.4408920985006262e-16    4.4408920985006262e-16
              1.09890e-03    1.0063197108944877e-07    7.9936057773011271e-15    6.6613381477509392e-16    3.3306690738754696e-16
              1.08696e-03    9.8456209629560476e-08    8.4376949871511897e-15    1.3322676295501878e-15    2.2204460492503131e-16
              1.07527e-03    9.6350254663590817e-08    7.5495165674510645e-15    2.8865798640254070e-15    4.4408920985006262e-16
              1.06383e-03    9.4311153997495012e-08    7.3274719625260332e-15    4.4408920985006262e-16    1.1102230246251565e-16
              1.05263e-03    9.2336105872448115e-08    7.5495165674510645e-15    6.6613381477509392e-16    7.7715611723760958e-16
              1.04167e-03    9.0422454857019829e-08    6.4392935428259079e-15    2.2204460492503131e-15    1.1102230246251565e-15
              1.03093e-03    8.8567683631524119e-08    6.6613381477509392e-15    8.8817841970012523e-16    1.1102230246251565e-15
              1.02041e-03    8.6769402773967386e-08    5.7731597280508140e-15    1.9984014443252818e-15    8.8817841970012523e-16
              1.01010e-03    8.5025338547595197e-08    5.7731597280508140e-15    0.0000000000000000e+00    4.4408920985006262e-16
              1.00000e-03    8.3333335232360639e-08    5.7731597280508140e-15    0.0000000000000000e+00    7.7715611723760958e-16
              9.90099e-04    8.1691338138512037e-08    5.5511151231257827e-15    8.8817841970012523e-16    8.8817841970012523e-16
              9.80392e-04    8.0097399490774990e-08    4.8849813083506888e-15    1.7763568394002505e-15    4.4408920985006262e-16
              9.70874e-04    7.8549659776605552e-08    5.3290705182007514e-15    1.3322676295501878e-15    8.8817841970012523e-16
              9.61538e-04    7.7046352187082334e-08    4.8849813083506888e-15    8.8817841970012523e-16    4.4408920985006262e-16
              9.52381e-04    7.5585791847743167e-08    4.6629367034256575e-15    2.4424906541753444e-15    1.3322676295501878e-15
              9.43396e-04    7.4166371266670694e-08    4.6629367034256575e-15    3.7747582837255322e-15    1.1102230246251565e-15
              9.34579e-04    7.2786562443916125e-08    4.4408920985006262e-15    3.1086244689504383e-15    6.6613381477509392e-16
              9.25926e-04    7.1444902216555306e-08    4.4408920985006262e-15    6.6613381477509392e-16    4.4408920985006262e-16
              9.17431e-04    7.0139999919227591e-08    4.4408920985006262e-15    9.9920072216264089e-16    4.4408920985006262e-16
              9.09091e-04    6.8870524838615665e-08    3.7747582837255322e-15    6.6613381477509392e-16    2.2204460492503131e-16
              9.00901e-04    6.7635203770954888e-08    4.2188474935755949e-15    4.4408920985006262e-16    6.6613381477509392e-16
              8.92857e-04    6.6432824907813881e-08    3.7747582837255322e-15    1.3322676295501878e-15    1.1102230246251565e-16
              8.84956e-04    6.5262224735462837e-08    3.9968028886505635e-15    1.5543122344752192e-15    4.4408920985006262e-16
              8.77193e-04    6.4122295029278575e-08    3.9968028886505635e-15    1.1102230246251565e-15    1.1102230246251565e-16
              8.69565e-04    6.3011973527871135e-08    3.1086244689504383e-15    1.7763568394002505e-15    1.1102230246251565e-16
              8.62069e-04    6.1930242156726933e-08    2.8865798640254070e-15    1.9984014443252818e-15    1.1102230246251565e-16
              8.54701e-04    6.0876130802967054e-08    3.3306690738754696e-15    5.5511151231257827e-16    7.7715611723760958e-16
              8.47458e-04    5.9848701883247202e-08    2.6645352591003757e-15    1.1102230246251565e-15    2.2204460492503131e-16
              8.40336e-04    5.8847069106526817e-08    2.8865798640254070e-15    6.6613381477509392e-16    2.2204460492503131e-16
              8.33333e-04    5.7870371272805698e-08    2.8865798640254070e-15    0.0000000000000000e+00    1.1102230246251565e-16
              8.26446e-04    5.6917787261134833e-08    2.4424906541753444e-15    4.4408920985006262e-16    1.1102230246251565e-15
              8.19672e-04    5.5988533809170349e-08    2.4424906541753444e-15    8.8817841970012523e-16    2.2204460492503131e-16
              8.13008e-04    5.5081852190497216e-08    2.4424906541753444e-15    0.0000000000000000e+00    3.3306690738754696e-16
              8.06452e-04    5.4197016985391144e-08    2.4424906541753444e-15    1.5543122344752192e-15    6.6613381477509392e-16
              8.00000e-04    5.3333334304461744e-08    3.1086244689504383e-15    2.4424906541753444e-15    7.7715611723760958e-16
              7.93651e-04    5.2490132684823720e-08    2.6645352591003757e-15    1.5543122344752192e-15    6.6613381477509392e-16
              7.87402e-04    5.1666770972680354e-08    2.8865798640254070e-15    4.4408920985006262e-16    4.4408920985006262e-16
              7.81250e-04    5.0862628331316273e-08    1.7763568394002505e-15    1.1102230246251565e-16    6.6613381477509392e-16
              7.75194e-04    5.0077119562175199e-08    2.2204460492503131e-15    1.3322676295501878e-15    1.6653345369377348e-15
              7.69231e-04    4.9309665905994393e-08    2.8865798640254070e-15    2.2204460492503131e-15    2.2204460492503131e-16
              7.63359e-04    4.8559717913398970e-08    1.7763568394002505e-15    3.3306690738754696e-16    1.1102230246251565e-15
              7.57576e-04    4.7826751670143608e-08    2.2204460492503131e-15    0.0000000000000000e+00    8.8817841970012523e-16
              7.51880e-04    4.7110256584659282e-08    1.1102230246251565e-15    2.2204460492503131e-16    1.1102230246251565e-16
              7.46269e-04    4.6409742604502924e-08    2.8865798640254070e-15    3.3306690738754696e-16    4.4408920985006262e-16
              7.40741e-04    4.5724737218755251e-08    1.9984014443252818e-15    9.9920072216264089e-16    2.2204460492503131e-16
              7.35294e-04    4.5054786013132286e-08    1.5543122344752192e-15    5.5511151231257827e-16    4.4408920985006262e-16
              7.29927e-04    4.4399454224297585e-08    2.2204460492503131e-15    8.8817841970012523e-16    2.2204460492503131e-16
              7.24638e-04    4.3758314416386668e-08    1.7763568394002505e-15    3.3306690738754696e-15    8.8817841970012523e-16
              7.19424e-04    4.3130962135151663e-08    1.5543122344752192e-15    8.8817841970012523e-16    4.4408920985006262e-16
              7.14286e-04    4.2517007248221717e-08    1.9984014443252818e-15    1.3322676295501878e-15    8.8817841970012523e-16
              7.09220e-04    4.1916065618430309e-08    6.6613381477509392e-16    1.8873791418627661e-15    4.4408920985006262e-16
              7.04225e-04    4.1327778532718185e-08    1.9984014443252818e-15    4.4408920985006262e-16    1.1102230246251565e-15
              6.99301e-04    4.0751789165405228e-08    8.8817841970012523e-16    5.5511151231257827e-16    8.8817841970012523e-16
              6.94444e-04    4.0187756678022879e-08    1.3322676295501878e-15    2.5535129566378600e-15    1.1102230246251565e-15
              6.89655e-04    3.9635355220113411e-08    4.4408920985006262e-16    0.0000000000000000e+00    4.4408920985006262e-16
              6.84932e-04    3.9094264159267311e-08    1.3322676295501878e-15    8.8817841970012523e-16    4.4408920985006262e-16
              6.80272e-04    3.8564178184152809e-08    1.1102230246251565e-15    0.0000000000000000e+00    2.2204460492503131e-16
              6.75676e-04    3.8044800865222328e-08    1.7763568394002505e-15    1.1102230246251565e-15    6.6613381477509392e-16
              6.71141e-04    3.7535847763336960e-08    1.1102230246251565e-15    1.7763568394002505e-15    1.3322676295501878e-15
              6.66667e-04    3.7037036992870753e-08    1.5543122344752192e-15    4.4408920985006262e-16    6.6613381477509392e-16
              6.62252e-04    3.6548103210520821e-08    1.5543122344752192e-15    2.8865798640254070e-15    4.4408920985006262e-16
              6.57895e-04    3.6068789843746174e-08    1.7763568394002505e-15    1.5543122344752192e-15    3.3306690738754696e-16
              6.53595e-04    3.5598843428630289e-08    1.1102230246251565e-15    8.8817841970012523e-16    6.6613381477509392e-16
              6.49351e-04    3.5138022602687613e-08    1.3322676295501878e-15    1.9984014443252818e-15    2.2204460492503131e-16
              6.45161e-04    3.4686090333302388e-08    4.4408920985006262e-16    5.5511151231257827e-16    2.2204460492503131e-16
              6.41026e-04    3.4242824020758178e-08    1.5543122344752192e-15    4.4408920985006262e-15    3.3306690738754696e-16
              6.36943e-04    3.3807998733870193e-08    1.5543122344752192e-15    6.6613381477509392e-16    1.6653345369377348e-15
              6.32911e-04    3.3381402753107636e-08    1.1102230246251565e-15    4.4408920985006262e-16    3.3306690738754696e-16
              6.28931e-04    3.2962830132099441e-08    1.3322676295501878e-15    3.3306690738754696e-16    4.4408920985006262e-16
              6.25000e-04    3.2552083140124921e-08    2.2204460492503131e-16    3.3306690738754696e-15    8.8817841970012523e-16
              6.21118e-04    3.2148964601574903e-08    2.2204460492503131e-16    3.5527136788005009e-15    2.2204460492503131e-16
              6.17284e-04    3.1753288554092762e-08    1.3322676295501878e-15    1.8873791418627661e-15    4.4408920985006262e-16
              6.13497e-04    3.1364873920303182e-08    4.4408920985006262e-16    1.5543122344752192e-15    2.2204460492503131e-16
              6.09756e-04    3.0983543064522223e-08    4.4408920985006262e-16    1.3322676295501878e-15    6.6613381477509392e-16
              6.06061e-04    3.0609121903779624e-08    1.3322676295501878e-15    3.5527136788005009e-15    2.2204460492503131e-16
              6.02410e-04    3.0241445792000832e-08    6.6613381477509392e-16    2.2204460492503131e-16    3.3306690738754696e-16
              5.98802e-04    2.9880358631828585e-08    4.4408920985006262e-16    1.1102230246251565e-15    1.1102230246251565e-16
              5.95238e-04    2.9525697997634381e-08    1.7763568394002505e-15    5.5511151231257827e-16    1.1102230246251565e-16
              5.91716e-04    2.9177316895889760e-08    1.7763568394002505e-15    1.5543122344752192e-15    1.1102230246251565e-15
              5.88235e-04    2.8835063115018045e-08    4.4408920985006262e-16    1.5543122344752192e-15    7.7715611723760958e-16
              5.84795e-04    2.8498796988962738e-08    4.4408920985006262e-16    4.4408920985006262e-16    2.2204460492503131e-16
              5.81395e-04    2.8168380294957274e-08    8.8817841970012523e-16    8.8817841970012523e-16    2.2204460492503131e-16
              5.78035e-04    2.7843674033078969e-08    2.2204460492503131e-16    2.4424906541753444e-15    2.2204460492503131e-16
              5.74713e-04    2.7524551748925319e-08    2.2204460492503131e-16    5.5511151231257827e-16    6.6613381477509392e-16
              5.71429e-04    2.7210883879469350e-08    6.6613381477509392e-16    2.3314683517128287e-15    6.6613381477509392e-16
              5.68182e-04    2.6902547856089143e-08    4.4408920985006262e-16    2.3314683517128287e-15    2.2204460492503131e-16
              5.64972e-04    2.6599421776296595e-08    4.4408920985006262e-16    2.8865798640254070e-15    1.1102230246251565e-15
              5.61798e-04    2.6301393174499310e-08    3.3306690738754696e-16    8.8817841970012523e-16    6.6613381477509392e-16
              5.58659e-04    2.6008343478878260e-08    1.1102230246251565e-15    1.4432899320127035e-15    2.2204460492503131e-16
              5.55556e-04    2.5720164664733147e-08    8.8817841970012523e-16    1.1102230246251565e-15    9.9920072216264089e-16
              5.52486e-04    2.5436746708962232e-08    8.8817841970012523e-16    2.4424906541753444e-15    1.1102230246251565e-15
              5.49451e-04    2.5157992245006255e-08    2.2204460492503131e-16    4.4408920985006262e-16    8.8817841970012523e-16
              5.46448e-04    2.4883793914298735e-08    6.6613381477509392e-16    3.3306690738754696e-15    1.1102230246251565e-15
              5.43478e-04    2.4614051463700548e-08    6.6613381477509392e-16    5.5511151231257827e-16    4.4408920985006262e-16
              5.40541e-04    2.4348674410035187e-08    6.6613381477509392e-16    3.7747582837255322e-15    9.9920072216264089e-16
              5.37634e-04    2.4087561500962806e-08    0.0000000000000000e+00    0.0000000000000000e+00    1.1102230246251565e-15
              5.34759e-04    2.3830629802823466e-08    4.4408920985006262e-16    3.8857805861880479e-15    6.6613381477509392e-16
              5.31915e-04    2.3577788166306846e-08    4.4408920985006262e-16    1.9984014443252818e-15    2.2204460492503131e-16
              5.29101e-04    2.3328947329481764e-08    4.4408920985006262e-16    2.8865798640254070e-15    6.6613381477509392e-16
              5.26316e-04    2.3084026024022819e-08    2.2204460492503131e-16    1.9984014443252818e-15    4.4408920985006262e-16
              5.23560e-04    2.2842941094225466e-08    0.0000000000000000e+00    8.8817841970012523e-16    4.4408920985006262e-16
              5.20833e-04    2.2605612048920420e-08    1.5543122344752192e-15    2.3314683517128287e-15    6.6613381477509392e-16
              5.18135e-04    2.2371965058276544e-08    4.4408920985006262e-16    1.1102230246251565e-16    4.4408920985006262e-16
              5.15464e-04    2.2141920297258366e-08    1.5543122344752192e-15    0.0000000000000000e+00    1.1102230246251565e-16
              5.12821e-04    2.1915404713190867e-08    8.8817841970012523e-16    9.9920072216264089e-16    1.1102230246251565e-16
              5.10204e-04    2.1692349250201914e-08    1.1102230246251565e-15    6.6613381477509392e-16    1.5543122344752192e-15
              5.07614e-04    2.1472682076861815e-08    4.4408920985006262e-16    1.7763568394002505e-15    1.1102230246251565e-15
              5.05051e-04    2.1256334581387648e-08    6.6613381477509392e-16    1.1102230246251565e-15    1.1102230246251565e-16
              5.02513e-04    2.1043239706308725e-08    2.2204460492503131e-16    6.6613381477509392e-16    9.9920072216264089e-16
              5.00000e-04    2.0833333724823433e-08    3.3306690738754696e-16    6.6613381477509392e-16    2.2204460492503131e-16
