    0    1.0135000000000000e+03    9.9901332017760236e-01
    1    5.0774950666008880e+02    9.9606299308230373e-01
    2    2.5586983158558695e+02    9.8440552179849150e-01
    3    1.3189396009951221e+02    9.3996625313650917e-01
    4    7.3627392399462678e+01    7.9137079015275247e-01
    5    5.0572162539324168e+01    4.5588775924326153e-01
    6    4.5316863999435725e+01    1.1596783351897177e-01
    7    4.5012141206352581e+01    6.7697911033866021e-03
    8    4.5011109751525780e+01    2.2915560902614374e-05
    9    4.5011109739707592e+01    2.6256152807491162e-10
   10    4.5011109739707592e+01    0.0000000000000000e+00
   11    4.5011109739707592e+01    0.0000000000000000e+00
   12    4.5011109739707592e+01    0.0000000000000000e+00
   13    4.5011109739707592e+01    0.0000000000000000e+00
   14    4.5011109739707592e+01    0.0000000000000000e+00
45.01110973970759
