   0.0000000000000000e+00    1.2340000000000000e+00   -1.2186984000000001e-02
   1.0000000000000000e-02    1.2338781301599999e+00   -2.4373968000000003e-02
   2.0000000000000000e-02    1.2336343904800000e+00   -3.6559748413460158e-02
   2.9999999999999999e-02    1.2332687929958654e+00   -4.8743121653840635e-02
   4.0000000000000001e-02    1.2327813617793271e+00   -6.0922884253467806e-02
   5.0000000000000003e-02    1.2321721329367923e+00   -7.3097832982400440e-02
   6.0000000000000005e-02    1.2314411546069683e+00   -8.5266764967284206e-02
   7.0000000000000007e-02    1.2305884869572956e+00   -9.7428477810182629e-02
   8.0000000000000002e-02    1.2296142021791938e+00   -1.0958176970737288e-01
   8.9999999999999997e-02    1.2285183844821201e+00   -1.2172543956809459e-01
   9.9999999999999992e-02    1.2273011300864392e+00   -1.3385828713323999e-01
   1.0999999999999999e-01    1.2259625472151068e+00   -1.4597911309397366e-01
   1.1999999999999998e-01    1.2245027560841670e+00   -1.5808671921027004e-01
   1.2999999999999998e-01    1.2229218888920643e+00   -1.7017990842935726e-01
   1.3999999999999999e-01    1.2212200898077707e+00   -1.8225748500405528e-01
   1.4999999999999999e-01    1.2193975149577303e+00   -1.9431825461099683e-01
   1.6000000000000000e-01    1.2174543324116203e+00   -2.0636102446871937e-01
   1.7000000000000001e-01    1.2153907221669331e+00   -2.1838460345561653e-01
   1.8000000000000002e-01    1.2132068761323769e+00   -2.3038780222773717e-01
   1.9000000000000003e-01    1.2109029981100996e+00   -2.4236943333642053e-01
   2.0000000000000004e-01    1.2084793037767354e+00   -2.5432831134575584e-01
   2.1000000000000005e-01    1.2059360206632779e+00   -2.6626325294985487e-01
   2.2000000000000006e-01    1.2032733881337794e+00   -2.7817307708992539e-01
   2.3000000000000007e-01    1.2004916573628801e+00   -2.9005660507113462e-01
   2.4000000000000007e-01    1.1975910913121688e+00   -3.0191266067925043e-01
   2.5000000000000006e-01    1.1945719647053763e+00   -3.1374007029704942e-01
   2.6000000000000006e-01    1.1914345640024058e+00   -3.2553766302047971e-01
   2.7000000000000007e-01    1.1881791873722010e+00   -3.3730427077456748e-01
   2.8000000000000008e-01    1.1848061446644553e+00   -3.4903872842905537e-01
   2.9000000000000009e-01    1.1813157573801647e+00   -3.6073987391376156e-01
   3.0000000000000010e-01    1.1777083586410271e+00   -3.7240654833364806e-01
   3.1000000000000011e-01    1.1739842931576905e+00   -3.8403759608358684e-01
   3.2000000000000012e-01    1.1701439171968546e+00   -3.9563186496281222e-01
   3.3000000000000013e-01    1.1661875985472265e+00   -4.0718820628904834e-01
   3.4000000000000014e-01    1.1621157164843361e+00   -4.1870547501230077e-01
   3.5000000000000014e-01    1.1579286617342130e+00   -4.3018252982830008e-01
   3.6000000000000015e-01    1.1536268364359301e+00   -4.4161823329158717e-01
   3.7000000000000016e-01    1.1492106541030143e+00   -4.5301145192822839e-01
   3.8000000000000017e-01    1.1446805395837321e+00   -4.6436105634814978e-01
   3.9000000000000018e-01    1.1400369290202506e+00   -4.7566592135707875e-01
   4.0000000000000019e-01    1.1352802698066797e+00   -4.8692492606808274e-01
   4.1000000000000020e-01    1.1304110205459990e+00   -4.9813695401269353e-01
   4.2000000000000021e-01    1.1254296510058721e+00   -5.0930089325160577e-01
   4.3000000000000022e-01    1.1203366420733560e+00   -5.2041563648493971e-01
   4.4000000000000022e-01    1.1151324857085065e+00   -5.3148008116205614e-01
   4.5000000000000023e-01    1.1098176848968859e+00   -5.4249312959091334e-01
   4.6000000000000024e-01    1.1043927536009768e+00   -5.5345368904695502e-01
   4.7000000000000025e-01    1.0988582167105072e+00   -5.6436067188151828e-01
   4.8000000000000026e-01    1.0932146099916920e+00   -5.7521299562975126e-01
   4.9000000000000027e-01    1.0874624800353945e+00   -5.8600958311802920e-01
   5.0000000000000022e-01    1.0816023842042142e+00   -5.9674936257085875e-01
   5.1000000000000023e-01    1.0756348905785056e+00   -6.0743126771725953e-01
   5.2000000000000024e-01    1.0695605779013331e+00   -6.1805423789661285e-01
   5.3000000000000025e-01    1.0633800355223670e+00   -6.2861721816396643e-01
   5.4000000000000026e-01    1.0570938633407274e+00   -6.3911915939478536e-01
   5.5000000000000027e-01    1.0507026717467796e+00   -6.4955901838913843e-01
   5.6000000000000028e-01    1.0442070815628881e+00   -6.5993575797530968e-01
   5.7000000000000028e-01    1.0376077239831349e+00   -6.7024834711282477e-01
   5.8000000000000029e-01    1.0309052405120067e+00   -6.8049576099488218e-01
   5.9000000000000030e-01    1.0241002829020578e+00   -6.9067698115017873e-01
   6.0000000000000031e-01    1.0171935130905561e+00   -7.0079099554411950e-01
   6.1000000000000032e-01    1.0101856031351149e+00   -7.1083679867940186e-01
   6.2000000000000033e-01    1.0030772351483208e+00   -7.2081339169596426e-01
   6.3000000000000034e-01    9.9586910123136119e-01   -7.3071978247028913e-01
   6.4000000000000035e-01    9.8856190340665828e-01   -7.4055498571405010e-01
   6.5000000000000036e-01    9.8115635354951780e-01   -7.5031802307209428e-01
   6.6000000000000036e-01    9.7365317331879686e-01   -7.6000792321974930e-01
   6.7000000000000037e-01    9.6605309408659934e-01   -7.6962372195944573e-01
   6.8000000000000038e-01    9.5835685686700489e-01   -7.7916446231664493e-01
   6.9000000000000039e-01    9.5056521224383839e-01   -7.8862919463506342e-01
   7.0000000000000040e-01    9.4267892029748779e-01   -7.9801697667118354e-01
   7.1000000000000041e-01    9.3469875053077600e-01   -8.0732687368804157e-01
   7.2000000000000042e-01    9.2662548179389559e-01   -8.1655795854828350e-01
   7.3000000000000043e-01    9.1845990220841278e-01   -8.2570931180648000e-01
   7.4000000000000044e-01    9.1020280909034801e-01   -8.3478002180069033e-01
   7.5000000000000044e-01    9.0185500887234116e-01   -8.4376918474326656e-01
   7.6000000000000045e-01    8.9341731702490845e-01   -8.5267590481088984e-01
   7.7000000000000046e-01    8.8489055797679961e-01   -8.6149929423382787e-01
   7.8000000000000047e-01    8.7627556503446136e-01   -8.7023847338440674e-01
   7.9000000000000048e-01    8.6757318030061725e-01   -8.7889257086468708e-01
   8.0000000000000049e-01    8.5878425459197039e-01   -8.8746072359333594e-01
   8.1000000000000050e-01    8.4990964735603702e-01   -8.9594207689168626e-01
   8.2000000000000051e-01    8.4095022658712015e-01   -9.0433578456897445e-01
   8.3000000000000052e-01    8.3190686874143038e-01   -9.1264100900674883e-01
   8.4000000000000052e-01    8.2278045865136284e-01   -9.2085692124243923e-01
   8.5000000000000053e-01    8.1357188943893843e-01   -9.2898270105208014e-01
   8.6000000000000054e-01    8.0428206242841760e-01   -9.3701753703217905e-01
   8.7000000000000055e-01    7.9491188705809579e-01   -9.4496062668072212e-01
   8.8000000000000056e-01    7.8546228079128855e-01   -9.5281117647730784e-01
   8.9000000000000057e-01    7.7593416902651546e-01   -9.6056840196240256e-01
   9.0000000000000058e-01    7.6632848500689144e-01   -9.6823152781570843e-01
   9.1000000000000059e-01    7.5664616972873433e-01   -9.7579978793363653e-01
   9.2000000000000060e-01    7.4688817184939793e-01   -9.8327242550587757e-01
   9.3000000000000060e-01    7.3705544759433916e-01   -9.9064869309106218e-01
   9.4000000000000061e-01    7.2714896066342849e-01   -9.9792785269150386e-01
   9.5000000000000062e-01    7.1716968213651344e-01   -1.0051091758270159e+00
   9.6000000000000063e-01    7.0711859037824332e-01   -1.0121919436077960e+00
   9.7000000000000064e-01    6.9699667094216533e-01   -1.0191754468063714e+00
   9.8000000000000065e-01    6.8680491647410158e-01   -1.0260589859285962e+00
   9.9000000000000066e-01    6.7654432661481567e-01   -1.0328418712836944e+00
   1.0000000000000007e+00    6.6621590790197871e-01   -1.0395234230533423e+00
   1.0100000000000007e+00    6.5582067367144525e-01   -1.0461029713597823e+00
   1.0200000000000007e+00    6.4535964395784740e-01   -1.0525798563329614e+00
   1.0300000000000007e+00    6.3483384539451782e-01   -1.0589534281766890e+00
   1.0400000000000007e+00    6.2424431111275092e-01   -1.0652230472338053e+00
   1.0500000000000007e+00    6.1359208064041282e-01   -1.0713880840503549e+00
   1.0600000000000007e+00    6.0287819979990931e-01   -1.0774479194387596e+00
   1.0700000000000007e+00    5.9210372060552174e-01   -1.0834019445399836e+00
   1.0800000000000007e+00    5.8126970116012189e-01   -1.0892495608846837e+00
   1.0900000000000007e+00    5.7037720555127502e-01   -1.0949901804533411e+00
   1.1000000000000008e+00    5.5942730374674166e-01   -1.1006232257353654e+00
   1.1100000000000008e+00    5.4842107148938801e-01   -1.1061481297871683e+00
   1.1200000000000008e+00    5.3735959019151636e-01   -1.1115643362891974e+00
   1.1300000000000008e+00    5.2624394682862441e-01   -1.1168712996019288e+00
   1.1400000000000008e+00    5.1507523383260512e-01   -1.1220684848208082e+00
   1.1500000000000008e+00    5.0385454898439708e-01   -1.1271553678301391e+00
   1.1600000000000008e+00    4.9258299530609567e-01   -1.1321314353559091e+00
   1.1700000000000008e+00    4.8126168095253657e-01   -1.1369961850175521e+00
   1.1800000000000008e+00    4.6989171910236105e-01   -1.1417491253786394e+00
   1.1900000000000008e+00    4.5847422784857467e-01   -1.1463897759964943e+00
   1.2000000000000008e+00    4.4701033008860974e-01   -1.1509176674707269e+00
   1.2100000000000009e+00    4.3550115341390250e-01   -1.1553323414906820e+00
   1.2200000000000009e+00    4.2394782999899566e-01   -1.1596333508817978e+00
   1.2300000000000009e+00    4.1235149649017766e-01   -1.1638202596508678e+00
   1.2400000000000009e+00    4.0071329389366900e-01   -1.1678926430302048e+00
   1.2500000000000009e+00    3.8903436746336695e-01   -1.1718500875206987e+00
   1.2600000000000009e+00    3.7731586658815996e-01   -1.1756921909337670e+00
   1.2700000000000009e+00    3.6555894467882227e-01   -1.1794185624321916e+00
   1.2800000000000009e+00    3.5376475905450033e-01   -1.1830288225698395e+00
   1.2900000000000009e+00    3.4193447082880196e-01   -1.1865226033302618e+00
   1.3000000000000009e+00    3.3006924479549932e-01   -1.1898995481641670e+00
   1.3100000000000009e+00    3.1817024931385762e-01   -1.1931593120257673e+00
   1.3200000000000010e+00    3.0623865619359997e-01   -1.1963015614079910e+00
   1.3300000000000010e+00    2.9427564057952005e-01   -1.1993259743765590e+00
   1.3400000000000010e+00    2.8228238083575447e-01   -1.2022322406029222e+00
   1.3500000000000010e+00    2.7026005842972523e-01   -1.2050200613960562e+00
   1.3600000000000010e+00    2.5820985781576467e-01   -1.2076891497331081e+00
   1.3700000000000010e+00    2.4613296631843359e-01   -1.2102392302888967e+00
   1.3800000000000010e+00    2.3403057401554461e-01   -1.2126700394642576e+00
   1.3900000000000010e+00    2.2190387362090203e-01   -1.2149813254132351e+00
   1.4000000000000010e+00    2.0975406036676966e-01   -1.2171728480691151e+00
   1.4100000000000010e+00    1.9758233188607852e-01   -1.2192443791692973e+00
   1.4200000000000010e+00    1.8538988809438556e-01   -1.2211957022790041e+00
   1.4300000000000010e+00    1.7317793107159551e-01   -1.2230266128138243e+00
   1.4400000000000011e+00    1.6094766494345727e-01   -1.2247369180610874e+00
   1.4500000000000011e+00    1.4870029576284641e-01   -1.2263264372000691e+00
   1.4600000000000011e+00    1.3643703139084573e-01   -1.2277950013210230e+00
   1.4700000000000011e+00    1.2415908137763550e-01   -1.2291424534430391e+00
   1.4800000000000011e+00    1.1186765684320510e-01   -1.2303686485307246e+00
   1.4900000000000011e+00    9.9563970357897852e-02   -1.2314734535097080e+00
   1.5000000000000011e+00    8.7249235822800766e-02   -1.2324567472809627e+00
   1.5100000000000011e+00    7.4924668349991147e-02   -1.2333184207339487e+00
   1.5200000000000011e+00    6.2591484142651657e-02   -1.2340583767585733e+00
   1.5300000000000011e+00    5.0250900375065924e-02   -1.2346765302559661e+00
   1.5400000000000011e+00    3.7904135072506263e-02   -1.2351728081480702e+00
   1.5500000000000012e+00    2.5552406991025560e-02   -1.2355471493860462e+00
   1.5600000000000012e+00    1.3196935497165099e-02   -1.2357995049574895e+00
   1.5700000000000012e+00    8.3894044759020431e-04   -1.2359298378924595e+00
   1.5800000000000012e+00   -1.1520357931334390e-02   -1.2359381232683200e+00
   1.5900000000000012e+00   -2.3879739164017588e-02   -1.2358243482133902e+00
   1.6000000000000012e+00   -3.6237982646151488e-02   -1.2355885119094063e+00
   1.6100000000000012e+00   -4.8593867765245553e-02   -1.2352306255927930e+00
   1.6200000000000012e+00   -6.0946174021173485e-02   -1.2347507125547434e+00
   1.6300000000000012e+00   -7.3293681146720913e-02   -1.2341488081401104e+00
   1.6400000000000012e+00   -8.5635169228122018e-02   -1.2334249597451055e+00
   1.6500000000000012e+00   -9.7969418825573071e-02   -1.2325792268138085e+00
   1.6600000000000013e+00   -1.1029521109371115e-01   -1.2316116808334872e+00
   1.6700000000000013e+00   -1.2261132790204603e-01   -1.2305224053287256e+00
   1.6800000000000013e+00   -1.3491655195533328e-01   -1.2293114958543649e+00
   1.6900000000000013e+00   -1.4720966691387694e-01   -1.2279790599872540e+00
   1.7000000000000013e+00   -1.5948945751374949e-01   -1.2265252173168126e+00
   1.7100000000000013e+00   -1.7175470968691761e-01   -1.2249500994344069e+00
   1.7200000000000013e+00   -1.8400421068126169e-01   -1.2232538499215388e+00
   1.7300000000000013e+00   -1.9623674918047707e-01   -1.2214366243368506e+00
   1.7400000000000013e+00   -2.0845111542384556e-01   -1.2194985902019442e+00
   1.7500000000000013e+00   -2.2064610132586501e-01   -1.2174399269860183e+00
   1.7600000000000013e+00   -2.3282050059572520e-01   -1.2152608260893241e+00
   1.7700000000000014e+00   -2.4497310885661844e-01   -1.2129614908254407e+00
   1.7800000000000014e+00   -2.5710272376487286e-01   -1.2105421364023727e+00
   1.7900000000000014e+00   -2.6920814512889657e-01   -1.2080029899024709e+00
   1.8000000000000014e+00   -2.8128817502792131e-01   -1.2053442902611780e+00
   1.8100000000000014e+00   -2.9334161793053309e-01   -1.2025662882446022e+00
   1.8200000000000014e+00   -3.0536728081297909e-01   -1.1996692464259202e+00
   1.8300000000000014e+00   -3.1736397327723831e-01   -1.1966534391606112e+00
   1.8400000000000014e+00   -3.2933050766884442e-01   -1.1935191525605251e+00
   1.8500000000000014e+00   -3.4126569919444966e-01   -1.1902666844667875e+00
   1.8600000000000014e+00   -3.5316836603911755e-01   -1.1868963444215432e+00
   1.8700000000000014e+00   -3.6503732948333301e-01   -1.1834084536385410e+00
   1.8800000000000014e+00   -3.7687141401971841e-01   -1.1798033449725636e+00
   1.8900000000000015e+00   -3.8866944746944404e-01   -1.1760813628877049e+00
   1.9000000000000015e+00   -4.0043026109832108e-01   -1.1722428634244968e+00
   1.9100000000000015e+00   -4.1215268973256602e-01   -1.1682882141658897e+00
   1.9200000000000015e+00   -4.2383557187422494e-01   -1.1642177942020908e+00
   1.9300000000000015e+00   -4.3547774981624582e-01   -1.1600319940942609e+00
   1.9400000000000015e+00   -4.4707806975718845e-01   -1.1557312158370756e+00
   1.9500000000000015e+00   -4.5863538191555919e-01   -1.1513158728201536e+00
   1.9600000000000015e+00   -4.7014854064376072e-01   -1.1467863897883555e+00
   1.9700000000000015e+00   -4.8161640454164428e-01   -1.1421432028009577e+00
   1.9800000000000015e+00   -4.9303783656965389e-01   -1.1373867591897044e+00
   1.9900000000000015e+00   -5.0441170416155090e-01   -1.1325175175157425e+00
   2.0000000000000013e+00   -5.1573687933670831e-01   -1.1275359475254429e+00
   2.0100000000000011e+00   -5.2701223881196269e-01   -1.1224425301051135e+00
   2.0200000000000009e+00   -5.3823666411301385e-01   -1.1172377572346066e+00
   2.0300000000000007e+00   -5.4940904168535987e-01   -1.1119221319398265e+00
   2.0400000000000005e+00   -5.6052826300475811e-01   -1.1064961682441419e+00
   2.0500000000000003e+00   -5.7159322468719953e-01   -1.1009603911187069e+00
   2.0600000000000001e+00   -5.8260282859838664e-01   -1.0953153364316961e+00
   2.0699999999999998e+00   -5.9355598196270365e-01   -1.0895615508964585e+00
   2.0799999999999996e+00   -6.0445159747166821e-01   -1.0836995920185948e+00
   2.0899999999999994e+00   -6.1528859339185416e-01   -1.0777300280419646e+00
   2.0999999999999992e+00   -6.2606589367227383e-01   -1.0716534378936267e+00
   2.1099999999999990e+00   -6.3678242805121010e-01   -1.0654704111277193e+00
   2.1199999999999988e+00   -6.4743713216248733e-01   -1.0591815478682856e+00
   2.1299999999999986e+00   -6.5802894764117015e-01   -1.0527874587510488e+00
   2.1399999999999983e+00   -6.6855682222868063e-01   -1.0462887648641446e+00
   2.1499999999999981e+00   -6.7901970987732208e-01   -1.0396860976878142e+00
   2.1599999999999979e+00   -6.8941657085420016e-01   -1.0329800990330658e+00
   2.1699999999999977e+00   -6.9974637184453081e-01   -1.0261714209793096e+00
   2.1799999999999975e+00   -7.1000808605432386e-01   -1.0192607258109729e+00
   2.1899999999999973e+00   -7.2020069331243364e-01   -1.0122486859531004e+00
   2.1999999999999971e+00   -7.3032318017196463e-01   -1.0051359839059468e+00
   2.2099999999999969e+00   -7.4037454001102410e-01   -9.9792331217856856e-01
   2.2199999999999966e+00   -7.5035377313280982e-01   -9.9061137322141968e-01
   2.2299999999999964e+00   -7.6025988686502399e-01   -9.8320087935796008e-01
   2.2399999999999962e+00   -7.7009189565860359e-01   -9.7569255271528110e-01
   2.2499999999999960e+00   -7.7984882118575638e-01   -9.6808712515375672e-01
   2.2599999999999958e+00   -7.8952969243729398e-01   -9.6038533819572625e-01
   2.2699999999999956e+00   -7.9913354581925122e-01   -9.5258794295321558e-01
   2.2799999999999954e+00   -8.0865942524878343e-01   -9.4469570005470471e-01
   2.2899999999999952e+00   -8.1810638224933052e-01   -9.3670937957094769e-01
   2.2999999999999949e+00   -8.2747347604503996e-01   -9.2862976093985328e-01
   2.3099999999999947e+00   -8.3675977365443854e-01   -9.2045763289043248e-01
   2.3199999999999945e+00   -8.4596434998334291e-01   -9.1219379336582129e-01
   2.3299999999999943e+00   -8.5508628791700114e-01   -9.0383904944538584e-01
   2.3399999999999941e+00   -8.6412467841145502e-01   -8.9539421726591750e-01
   2.3499999999999939e+00   -8.7307862058411423e-01   -8.8686012194192598e-01
   2.3599999999999937e+00   -8.8194722180353347e-01   -8.7823759748503727e-01
   2.3699999999999934e+00   -8.9072959777838379e-01   -8.6952748672250557e-01
   2.3799999999999932e+00   -8.9942487264560889e-01   -8.6073064121484621e-01
   2.3899999999999930e+00   -9.0803217905775735e-01   -8.5184792117259822e-01
   2.3999999999999928e+00   -9.1655065826948334e-01   -8.4288019537222381e-01
   2.4099999999999926e+00   -9.2497946022320554e-01   -8.3382834107115444e-01
   2.4199999999999924e+00   -9.3331774363391706e-01   -8.2469324392199006e-01
   2.4299999999999922e+00   -9.4156467607313699e-01   -8.1547579788586144e-01
   2.4399999999999920e+00   -9.4971943405199555e-01   -8.0617690514496310e-01
   2.4499999999999917e+00   -9.5778120310344517e-01   -7.9679747601426554e-01
   2.4599999999999915e+00   -9.6574917786358783e-01   -7.8733842885241589e-01
   2.4699999999999913e+00   -9.7362256215211196e-01   -7.7780068997183505e-01
   2.4799999999999911e+00   -9.8140056905183026e-01   -7.6818519354802084e-01
   2.4899999999999909e+00   -9.8908242098731047e-01   -7.5849288152806493e-01
   2.4999999999999907e+00   -9.9666734980259108e-01   -7.4872470353839427e-01
   2.5099999999999905e+00   -1.0041545968379750e+00   -7.3888161679174391e-01
   2.5199999999999902e+00   -1.0115434130058925e+00   -7.2896458599337211e-01
   2.5299999999999900e+00   -1.0188330588658261e+00   -7.1897458324652597e-01
   2.5399999999999898e+00   -1.0260228046982913e+00   -7.0891258795716705e-01
   2.5499999999999896e+00   -1.0331119305778631e+00   -6.9877958673796670e-01
   2.5599999999999894e+00   -1.0400997264452427e+00   -6.8857657331157973e-01
   2.5699999999999892e+00   -1.0469854921783586e+00   -6.7830454841320653e-01
   2.5799999999999890e+00   -1.0537685376624906e+00   -6.6796451969245307e-01
   2.5899999999999888e+00   -1.0604481828594150e+00   -6.5755750161449833e-01
   2.5999999999999885e+00   -1.0670237578755599e+00   -6.4708451536057876e-01
   2.6099999999999883e+00   -1.0734946030291657e+00   -6.3654658872779968e-01
   2.6199999999999881e+00   -1.0798600689164437e+00   -6.2594475602828359e-01
   2.6299999999999879e+00   -1.0861195164767266e+00   -6.1528005798766483e-01
   2.6399999999999877e+00   -1.0922723170566031e+00   -6.0455354164294073e-01
   2.6499999999999875e+00   -1.0983178524730326e+00   -5.9376626023968970e-01
   2.6599999999999873e+00   -1.1042555150754294e+00   -5.8291927312866598e-01
   2.6699999999999871e+00   -1.1100847078067160e+00   -5.7201364566178103e-01
   2.6799999999999868e+00   -1.1158048442633337e+00   -5.6105044908748192e-01
   2.6899999999999866e+00   -1.1214153487542085e+00   -5.5003076044553723e-01
   2.6999999999999864e+00   -1.1269156563586638e+00   -5.3895566246124071e-01
   2.7099999999999862e+00   -1.1323052129832762e+00   -5.2782624343904250e-01
   2.7199999999999860e+00   -1.1375834754176666e+00   -5.1664359715561969e-01
   2.7299999999999858e+00   -1.1427499113892228e+00   -5.0540882275239485e-01
   2.7399999999999856e+00   -1.1478039996167466e+00   -4.9412302462751490e-01
   2.7499999999999853e+00   -1.1527452298630219e+00   -4.8278731232729988e-01
   2.7599999999999851e+00   -1.1575731029862948e+00   -4.7140280043717270e-01
   2.7699999999999849e+00   -1.1622871309906666e+00   -4.5997060847208004e-01
   2.7799999999999847e+00   -1.1668868370753873e+00   -4.4849186076641623e-01
   2.7899999999999845e+00   -1.1713717556830514e+00   -4.3696768636345973e-01
   2.7999999999999843e+00   -1.1757414325466859e+00   -4.2539921890433391e-01
   2.8099999999999841e+00   -1.1799954247357294e+00   -4.1378759651650282e-01
   2.8199999999999839e+00   -1.1841333007008945e+00   -4.0213396170181276e-01
   2.8299999999999836e+00   -1.1881546403179126e+00   -3.9043946122409073e-01
   2.8399999999999834e+00   -1.1920590349301536e+00   -3.7870524599631100e-01
   2.8499999999999832e+00   -1.1958460873901167e+00   -3.6693247096734083e-01
   2.8599999999999830e+00   -1.1995154120997902e+00   -3.5512229500827602e-01
   2.8699999999999828e+00   -1.2030666350498729e+00   -3.4327588079837851e-01
   2.8799999999999826e+00   -1.2064993938578568e+00   -3.3139439471062598e-01
   2.8899999999999824e+00   -1.2098133378049629e+00   -3.1947900669688578e-01
   2.8999999999999821e+00   -1.2130081278719318e+00   -3.0753089017272395e-01
   2.9099999999999819e+00   -1.2160834367736590e+00   -2.9555122190186073e-01
   2.9199999999999817e+00   -1.2190389489926776e+00   -2.8354118188028404e-01
   2.9299999999999815e+00   -1.2218743608114804e+00   -2.7150195322003234e-01
   2.9399999999999813e+00   -1.2245893803436807e+00   -2.5943472203265816e-01
   2.9499999999999811e+00   -1.2271837275640072e+00   -2.4734067731238396e-01
   2.9599999999999809e+00   -1.2296571343371310e+00   -2.3522101081896182e-01
   2.9699999999999807e+00   -1.2320093444453206e+00   -2.2307691696024831e-01
   2.9799999999999804e+00   -1.2342401136149230e+00   -2.1090959267450632e-01
   2.9899999999999802e+00   -1.2363492095416682e+00   -1.9872023731244534e-01
   2.9999999999999800e+00   -1.2383364119147926e+00   -1.8651005251901182e-01
   3.0099999999999798e+00   -1.2402015124399828e+00   -1.7428024211494134e-01
   3.0199999999999796e+00   -1.2419443148611322e+00   -1.6203201197808406e-01
   3.0299999999999794e+00   -1.2435646349809131e+00   -1.4976656992451551e-01
   3.0399999999999792e+00   -1.2450623006801582e+00   -1.3748512558944401e-01
   3.0499999999999790e+00   -1.2464371519360526e+00   -1.2518889030792676e-01
   3.0599999999999787e+00   -1.2476890408391319e+00   -1.1287907699540631e-01
   3.0699999999999785e+00   -1.2488178316090859e+00   -1.0055690002807904e-01
   3.0799999999999783e+00   -1.2498234006093667e+00   -8.8223575123107717e-02
   3.0899999999999781e+00   -1.2507056363605977e+00   -7.5880319218689610e-02
   3.0999999999999779e+00   -1.2514644395527845e+00   -6.3528350353992347e-02
   3.1099999999999777e+00   -1.2520997230563244e+00   -5.1168887548969047e-02
   3.1199999999999775e+00   -1.2526114119318141e+00   -3.8803150684064786e-02
   3.1299999999999772e+00   -1.2529994434386549e+00   -2.6432360379826186e-02
   3.1399999999999770e+00   -1.2532637670424531e+00   -1.4057737876426030e-02
   3.1499999999999768e+00   -1.2534043444212173e+00   -1.6805049131147637e-03
   3.1599999999999766e+00   -1.2534211494703484e+00    1.0698116392389179e-02
   3.1699999999999764e+00   -1.2533141683064246e+00    2.3076903664558342e-02
   3.1799999999999762e+00   -1.2530833992697790e+00    3.5454634390752589e-02
   3.1899999999999760e+00   -1.2527288529258713e+00    4.7830086041940931e-02
   3.1999999999999758e+00   -1.2522505520654519e+00    6.0202036193436836e-02
   3.2099999999999755e+00   -1.2516485317035175e+00    7.2569262645635235e-02
   3.2199999999999753e+00   -1.2509228390770613e+00    8.4930543544739168e-02
   3.2299999999999751e+00   -1.2500735336416138e+00    9.7284657503464225e-02
   3.2399999999999749e+00   -1.2491006870665791e+00    1.0963038372170880e-01
   3.2499999999999747e+00   -1.2480043832293619e+00    1.2196650210717834e-01
   3.2599999999999745e+00   -1.2467847182082901e+00    1.3429179339595151e-01
   3.2699999999999743e+00   -1.2454418002743306e+00    1.4660503927297658e-01
   3.2799999999999740e+00   -1.2439757498816009e+00    1.5890502249248586e-01
   3.2899999999999738e+00   -1.2423866996566759e+00    1.7119052699831655e-01
   3.2999999999999736e+00   -1.2406747943866927e+00    1.8346033804412587e-01
   3.3099999999999734e+00   -1.2388401910062514e+00    1.9571324231348886e-01
   3.3199999999999732e+00   -1.2368830585831165e+00    2.0794802803986659e-01
   3.3299999999999730e+00   -1.2348035783027178e+00    2.2016348512643344e-01
   3.3399999999999728e+00   -1.2326019434514535e+00    2.3235840526575108e-01
   3.3499999999999726e+00   -1.2302783593987960e+00    2.4453158205927764e-01
   3.3599999999999723e+00   -1.2278330435782032e+00    2.5668181113670013e-01
   3.3699999999999721e+00   -1.2252662254668363e+00    2.6880789027507845e-01
   3.3799999999999719e+00   -1.2225781465640855e+00    2.8090861951778895e-01
   3.3899999999999717e+00   -1.2197690603689075e+00    2.9298280129325588e-01
   3.3999999999999715e+00   -1.2168392323559749e+00    3.0502924053345920e-01
   3.4099999999999713e+00   -1.2137889399506403e+00    3.1704674479220679e-01
   3.4199999999999711e+00   -1.2106184725027183e+00    3.2903412436315932e-01
   3.4299999999999708e+00   -1.2073281312590867e+00    3.4099019239759615e-01
   3.4399999999999706e+00   -1.2039182293351107e+00    3.5291376502191091e-01
   3.4499999999999704e+00   -1.2003890916848916e+00    3.6480366145482446e-01
   3.4599999999999702e+00   -1.1967410550703435e+00    3.7665870412430447e-01
   3.4699999999999700e+00   -1.1929744680291003e+00    3.8847771878417919e-01
   3.4799999999999698e+00   -1.1890896908412585e+00    4.0025953463043457e-01
   3.4899999999999696e+00   -1.1850870954949542e+00    4.1200298441718286e-01
   3.4999999999999694e+00   -1.1809670656507822e+00    4.2370690457229104e-01
   3.5099999999999691e+00   -1.1767299966050593e+00    4.3537013531265817e-01
   3.5199999999999689e+00   -1.1723762952519328e+00    4.4699152075912973e-01
   3.5299999999999687e+00   -1.1679063800443414e+00    4.5856990905103784e-01
   3.5399999999999685e+00   -1.1633206809538310e+00    4.7010415246035575e-01
   3.5499999999999683e+00   -1.1586196394292274e+00    4.8159310750545581e-01
   3.5599999999999681e+00   -1.1538037083541728e+00    4.9303563506445885e-01
   3.5699999999999679e+00   -1.1488733520035281e+00    5.0443060048816468e-01
   3.5799999999999677e+00   -1.1438290459986464e+00    5.1577687371255154e-01
   3.5899999999999674e+00   -1.1386712772615208e+00    5.2707332937083418e-01
   3.5999999999999672e+00   -1.1334005439678125e+00    5.3831884690506893e-01
   3.6099999999999670e+00   -1.1280173554987618e+00    5.4951231067729500e-01
   3.6199999999999668e+00   -1.1225222323919888e+00    5.6065261008020073e-01
   3.6299999999999666e+00   -1.1169157062911867e+00    5.7173863964730398e-01
   3.6399999999999664e+00   -1.1111983198947137e+00    5.8276929916263576e-01
   3.6499999999999662e+00   -1.1053706269030874e+00    5.9374349376991598e-01
   3.6599999999999659e+00   -1.0994331919653884e+00    6.0466013408121089e-01
   3.6699999999999657e+00   -1.0933865906245763e+00    6.1551813628506102e-01
   3.6799999999999655e+00   -1.0872314092617257e+00    6.2631642225406936e-01
   3.6899999999999653e+00   -1.0809682450391851e+00    6.3705391965193814e-01
   3.6999999999999651e+00   -1.0745977058426657e+00    6.4772956203994514e-01
   3.7099999999999649e+00   -1.0681204102222661e+00    6.5834228898284730e-01
   3.7199999999999647e+00   -1.0615369873324376e+00    6.6889104615420236e-01
   3.7299999999999645e+00   -1.0548480768708957e+00    6.7937478544109753e-01
   3.7399999999999642e+00   -1.0480543290164848e+00    6.8979246504827452e-01
   3.7499999999999640e+00   -1.0411564043660020e+00    7.0014304960164131e-01
   3.7599999999999638e+00   -1.0341549738699856e+00    7.1042551025115996e-01
   3.7699999999999636e+00   -1.0270507187674740e+00    7.2063882477309993e-01
   3.7799999999999634e+00   -1.0198443305197431e+00    7.3078197767164754e-01
   3.7899999999999632e+00   -1.0125365107430266e+00    7.4085396027986050e-01
   3.7999999999999630e+00   -1.0051279711402281e+00    7.5085377085995864e-01
   3.8099999999999627e+00   -9.9761943343162851e-01    7.6078041470293956e-01
   3.8199999999999625e+00   -9.9001162928459907e-01    7.7063290422751030e-01
   3.8299999999999623e+00   -9.8230530024232399e-01    7.8041025907832495e-01
   3.8399999999999621e+00   -9.7450119765154075e-01    7.9011150622351811e-01
   3.8499999999999619e+00   -9.6660008258930552e-01    7.9973568005152473e-01
   3.8599999999999617e+00   -9.5860272578879024e-01    8.0928182246717673e-01
   3.8699999999999615e+00   -9.5050990756411846e-01    8.1874898298706678e-01
   3.8799999999999613e+00   -9.4232241773424774e-01    8.2813621883416999e-01
   3.8899999999999610e+00   -9.3404105554590600e-01    8.3744259503171348e-01
   3.8999999999999608e+00   -9.2566662959558887e-01    8.4666718449628486e-01
   3.9099999999999606e+00   -9.1719995775062602e-01    8.5580906813017088e-01
   3.9199999999999604e+00   -9.0864186706932426e-01    8.6486733491291601e-01
   3.9299999999999602e+00   -8.9999319372019515e-01    8.7384108199209265e-01
   3.9399999999999600e+00   -8.9125478290027427e-01    8.8272941477327327e-01
   3.9499999999999598e+00   -8.8242748875254151e-01    8.9153144700919640e-01
   3.9599999999999596e+00   -8.7351217428244954e-01    9.0024630088811652e-01
   3.9699999999999593e+00   -8.6450971127356835e-01    9.0887310712132996e-01
   3.9799999999999591e+00   -8.5542098020235502e-01    9.1741100502986772e-01
   3.9899999999999589e+00   -8.4624687015205635e-01    9.2585914263034619e-01
   3.9999999999999587e+00   -8.3698827872575288e-01    9.3421667671996789e-01
   4.0099999999999589e+00   -8.2764611195855320e-01    9.4248277296066341e-01
   4.0199999999999587e+00   -8.1822128422894658e-01    9.5065660596236612e-01
   4.0299999999999585e+00   -8.0871471816932294e-01    9.5873735936541116e-01
   4.0399999999999583e+00   -7.9912734457566881e-01    9.6672422592205143e-01
   4.0499999999999581e+00   -7.8946010231644825e-01    9.7461640757708068e-01
   4.0599999999999579e+00   -7.7971393824067747e-01    9.8241311554755795e-01
   4.0699999999999577e+00   -7.6988980708520194e-01    9.9011357040162284e-01
   4.0799999999999574e+00   -7.5998867138118575e-01    9.9771700213639625e-01
   4.0899999999999572e+00   -7.5001150135982175e-01    1.0052226502549568e+00
   4.0999999999999570e+00   -7.3995927485727220e-01    1.0126297638423865e+00
   4.1099999999999568e+00   -7.2983297721884832e-01    1.0199376016408768e+00
   4.1199999999999566e+00   -7.1963360120243958e-01    1.0271454321238902e+00
   4.1299999999999564e+00   -7.0936214688120069e-01    1.0342525335693655e+00
   4.1399999999999562e+00   -6.9901962154550701e-01    1.0412581941319643e+00
   4.1499999999999559e+00   -6.8860703960418734e-01    1.0481617119143478e+00
   4.1599999999999557e+00   -6.7812542248504382e-01    1.0549623950374787e+00
   4.1699999999999555e+00   -6.6757579853466908e-01    1.0616595617099409e+00
   4.1799999999999553e+00   -6.5695920291756971e-01    1.0682525402962693e+00
   4.1899999999999551e+00   -6.4627667751460705e-01    1.0747406693842831e+00
   4.1999999999999549e+00   -6.3552927082076427e-01    1.0811232978514174e+00
   4.2099999999999547e+00   -6.2471803784225011e-01    1.0873997849300432e+00
   4.2199999999999545e+00   -6.1384403999294967e-01    1.0935695002717734e+00
   4.2299999999999542e+00   -6.0290834499023194e-01    1.0996318240107437e+00
   4.2399999999999540e+00   -5.9191202675012455e-01    1.1055861468258672e+00
   4.2499999999999538e+00   -5.8085616528186590e-01    1.1114318700020513e+00
   4.2599999999999536e+00   -5.6974184658184535e-01    1.1171684054903750e+00
   4.2699999999999534e+00   -5.5857016252694158e-01    1.1227951759672172e+00
   4.2799999999999532e+00   -5.4734221076726941e-01    1.1283116148923333e+00
   4.2899999999999530e+00   -5.3605909461834611e-01    1.1337171665658710e+00
   4.2999999999999527e+00   -5.2472192295268738e-01    1.1390112861843218e+00
   4.3099999999999525e+00   -5.1333181009084417e-01    1.1441934398954026e+00
   4.3199999999999523e+00   -5.0188987569189014e-01    1.1492631048518598e+00
   4.3299999999999521e+00   -4.9039724464337153e-01    1.1542197692641929e+00
   4.3399999999999519e+00   -4.7885504695072961e-01    1.1590629324522908e+00
   4.3499999999999517e+00   -4.6726441762620669e-01    1.1637921048959761e+00
   4.3599999999999515e+00   -4.5562649657724691e-01    1.1684068082844525e+00
   4.3699999999999513e+00   -4.4394242849440241e-01    1.1729065755646495e+00
   4.3799999999999510e+00   -4.3221336273875594e-01    1.1772909509884601e+00
   4.3899999999999508e+00   -4.2044045322887136e-01    1.1815594901588682e+00
   4.3999999999999506e+00   -4.0862485832728268e-01    1.1857117600749565e+00
   4.4099999999999504e+00   -3.9676774072653309e-01    1.1897473391757967e+00
   4.4199999999999502e+00   -3.8487026733477514e-01    1.1936658173832120e+00
   4.4299999999999500e+00   -3.7293360916094304e-01    1.1974667961434102e+00
   4.4399999999999498e+00   -3.6095894119950894e-01    1.2011498884674836e+00
   4.4499999999999496e+00   -3.4894744231483410e-01    1.2047147189707699e+00
   4.4599999999999493e+00   -3.3690029512512643e-01    1.2081609239110711e+00
   4.4699999999999491e+00   -3.2481868588601570e-01    1.2114881512257270e+00
   4.4799999999999489e+00   -3.1270380437375844e-01    1.2146960605675372e+00
   4.4899999999999487e+00   -3.0055684376808306e-01    1.2177843233395325e+00
   4.4999999999999485e+00   -2.8837900053468773e-01    1.2207526227285861e+00
   4.5099999999999483e+00   -2.7617147430740185e-01    1.2236006537378668e+00
   4.5199999999999481e+00   -2.6393546777002319e-01    1.2263281232181267e+00
   4.5299999999999478e+00   -2.5167218653784190e-01    1.2289347498978234e+00
   4.5399999999999476e+00   -2.3938283903886368e-01    1.2314202644120711e+00
   4.5499999999999474e+00   -2.2706863639474295e-01    1.2337844093304189e+00
   4.5599999999999472e+00   -2.1473079230143877e-01    1.2360269391834533e+00
   4.5699999999999470e+00   -2.0237052290960422e-01    1.2381476204882222e+00
   4.5799999999999468e+00   -1.8998904670472200e-01    1.2401462317724774e+00
   4.5899999999999466e+00   -1.7758758438699723e-01    1.2420225635977333e+00
   4.5999999999999464e+00   -1.6516735875101990e-01    1.2437764185811393e+00
   4.6099999999999461e+00   -1.5272959456520852e-01    1.2454076114161643e+00
   4.6199999999999459e+00   -1.4027551845104688e-01    1.2469159688920903e+00
   4.6299999999999457e+00   -1.2780635876212598e-01    1.2483013299123129e+00
   4.6399999999999455e+00   -1.1532334546300285e-01    1.2495635455114478e+00
   4.6499999999999453e+00   -1.0282771000788837e-01    1.2507024788712404e+00
   4.6599999999999451e+00   -9.0320685219175967e-02    1.2517180053352783e+00
   4.6699999999999449e+00   -7.7803505165823184e-02    1.2526100124225028e+00
   4.6799999999999446e+00   -6.5277405041598152e-02    1.2533783998395205e+00
   4.6899999999999444e+00   -5.2743621043202946e-02    1.2540230794917113e+00
   4.6999999999999442e+00   -4.0203390248285828e-02    1.2545439754931340e+00
   4.7099999999999440e+00   -2.7657950493354490e-02    1.2549410241752261e+00
   4.7199999999999438e+00   -1.5108540251602229e-02    1.2552141740942986e+00
   4.7299999999999436e+00   -2.5563985106592420e-03    1.2553633860378235e+00
   4.7399999999999434e+00    9.9972353497189935e-03    1.2553886330295148e+00
   4.7499999999999432e+00    2.2551121680014143e-02    1.2552899003332010e+00
   4.7599999999999429e+00    3.5104020683346150e-02    1.2550671854554891e+00
   4.7699999999999427e+00    4.7654692537901042e-02    1.2547204981472204e+00
   4.7799999999999425e+00    6.0201897519373243e-02    1.2542498604037160e+00
   4.7899999999999423e+00    7.2744396123410410e-02    1.2536553064638147e+00
   4.7999999999999421e+00    8.5280949188048558e-02    1.2529368828076999e+00
   4.8099999999999419e+00    9.7810318016125553e-02    1.2520946481535187e+00
   4.8199999999999417e+00    1.1033126449766074e-01    1.2511286734527913e+00
   4.8299999999999415e+00    1.2284255123218865e-01    1.2500390418846123e+00
   4.8399999999999412e+00    1.3534294165103478e-01    1.2488258488486432e+00
   4.8499999999999410e+00    1.4783120013952120e-01    1.2474892019568975e+00
   4.8599999999999408e+00    1.6030609215909017e-01    1.2460292210243196e+00
   4.8699999999999406e+00    1.7276638436933336e-01    1.2444460380581563e+00
   4.8799999999999404e+00    1.8521084474991492e-01    1.2427397972461247e+00
   4.8899999999999402e+00    1.9763824272237618e-01    1.2409106549433746e+00
   4.8999999999999400e+00    2.1004734927180993e-01    1.2389587796582484e+00
   4.9099999999999397e+00    2.2243693706839240e-01    1.2368843520368400e+00
   4.9199999999999395e+00    2.3480578058876081e-01    1.2346875648463524e+00
   4.9299999999999393e+00    2.4715265623722432e-01    1.2323686229572579e+00
   4.9399999999999391e+00    2.5947634246679691e-01    1.2299277433242590e+00
   4.9499999999999389e+00    2.7177561990003951e-01    1.2273651549660569e+00
   4.9599999999999387e+00    2.8404927144970010e-01    1.2246810989439241e+00
   4.9699999999999385e+00    2.9629608243913935e-01    1.2218758283390869e+00
   4.9799999999999383e+00    3.0851484072253021e-01    1.2189496082289180e+00
   4.9899999999999380e+00    3.2070433680481941e-01    1.2159027156619422e+00
   4.9999999999999378e+00    3.3286336396143884e-01    1.2127354396316579e+00
   5.0099999999999376e+00    3.4499071835775541e-01    1.2094480810491748e+00
   5.0199999999999374e+00    3.5708519916824716e-01    1.2060409527146736e+00
   5.0299999999999372e+00    3.6914560869539392e-01    1.2025143792876880e+00
   5.0399999999999370e+00    3.8117075248827081e-01    1.1988686972562124e+00
   5.0499999999999368e+00    3.9315943946083293e-01    1.1951042549046382e+00
   5.0599999999999365e+00    4.0511048200987931e-01    1.1912214122805231e+00
   5.0699999999999363e+00    4.1702269613268456e-01    1.1872205411601935e+00
   5.0799999999999361e+00    4.2889490154428650e-01    1.1831020250131872e+00
   5.0899999999999359e+00    4.4072592179441838e-01    1.1788662589655359e+00
   5.0999999999999357e+00    4.5251458438407377e-01    1.1745136497618942e+00
   5.1099999999999355e+00    4.6425972088169271e-01    1.1700446157265172e+00
   5.1199999999999353e+00    4.7596016703895788e-01    1.1654595867230897e+00
   5.1299999999999351e+00    4.8761476290618877e-01    1.1607590041134130e+00
   5.1399999999999348e+00    4.9922235294732292e-01    1.1559433207149514e+00
   5.1499999999999346e+00    5.1078178615447245e-01    1.1510130007572437e+00
   5.1599999999999344e+00    5.2229191616204484e-01    1.1459685198371821e+00
   5.1699999999999342e+00    5.3375160136041666e-01    1.1408103648731658e+00
   5.1799999999999340e+00    5.4515970500914834e-01    1.1355390340581304e+00
   5.1899999999999338e+00    5.5651509534972965e-01    1.1301550368114601e+00
   5.1999999999999336e+00    5.6781664571784429e-01    1.1246588937297861e+00
   5.2099999999999334e+00    5.7906323465514220e-01    1.1190511365366766e+00
   5.2199999999999331e+00    5.9025374602050895e-01    1.1133323080312225e+00
   5.2299999999999329e+00    6.0138706910082118e-01    1.1075029620355239e+00
   5.2399999999999327e+00    6.1246209872117641e-01    1.1015636633410841e+00
   5.2499999999999325e+00    6.2347773535458728e-01    1.0955149876541137e+00
   5.2599999999999323e+00    6.3443288523112840e-01    1.0893575215397517e+00
   5.2699999999999321e+00    6.4532646044652586e-01    1.0830918623652090e+00
   5.2799999999999319e+00    6.5615737907017790e-01    1.0767186182418391e+00
   5.2899999999999316e+00    6.6692456525259625e-01    1.0702384079661420e+00
   5.2999999999999314e+00    6.7762694933225764e-01    1.0636518609597074e+00
   5.3099999999999312e+00    6.8826346794185467e-01    1.0569596172081019e+00
   5.3199999999999310e+00    6.9883306411393564e-01    1.0501623271987082e+00
   5.3299999999999308e+00    7.0933468738592276e-01    1.0432606518575189e+00
   5.3399999999999306e+00    7.1976729390449790e-01    1.0362552624848955e+00
   5.3499999999999304e+00    7.3012984652934687e-01    1.0291468406902946e+00
   5.3599999999999302e+00    7.4042131493624985e-01    1.0219360783259708e+00
   5.3699999999999299e+00    7.5064067571950954e-01    1.0146236774196604e+00
   5.3799999999999297e+00    7.6078691249370611e-01    1.0072103501062546e+00
   5.3899999999999295e+00    7.7085901599476869e-01    9.9969681855846670e-01
   5.3999999999999293e+00    7.8085598418035340e-01    9.9208381491650233e-01
   5.4099999999999291e+00    7.9077682232951840e-01    9.8437208121673714e-01
   5.4199999999999289e+00    8.0062054314168574e-01    9.7656236931941076e-01
   5.4299999999999287e+00    8.1038616683487985e-01    9.6865544083534350e-01
   5.4399999999999284e+00    8.2007272124323327e-01    9.6065206705168227e-01
   5.4499999999999282e+00    8.2967924191375009e-01    9.5255302885668414e-01
   5.4599999999999280e+00    8.3920477220231693e-01    9.4435911666354388e-01
   5.4699999999999278e+00    8.4864836336895233e-01    9.3607113033327383e-01
   5.4799999999999276e+00    8.5800907467228504e-01    9.2768987909664202e-01
   5.4899999999999274e+00    8.6728597346325143e-01    9.1921618147517858e-01
   5.4999999999999272e+00    8.7647813527800322e-01    9.1065086520125549e-01
   5.5099999999999270e+00    8.8558464393001579e-01    9.0199476713724991e-01
   5.5199999999999267e+00    8.9460459160138828e-01    8.9324873319379705e-01
   5.5299999999999265e+00    9.0353707893332624e-01    8.8441361824714171e-01
   5.5399999999999263e+00    9.1238121511579762e-01    8.7549028605559620e-01
   5.5499999999999261e+00    9.2113611797635353e-01    8.6647960917511258e-01
   5.5599999999999259e+00    9.2980091406810461e-01    8.5738246887397807e-01
   5.5699999999999257e+00    9.3837473875684441e-01    8.4819975504664147e-01
   5.5799999999999255e+00    9.4685673630731082e-01    8.3893236612667887e-01
   5.5899999999999253e+00    9.5524605996857759e-01    8.2958120899890786e-01
   5.5999999999999250e+00    9.6354187205856667e-01    8.2014719891065824e-01
   5.6099999999999248e+00    9.7174334404767326e-01    8.1063125938220781e-01
   5.6199999999999246e+00    9.7984965664149537e-01    8.0103432211639303e-01
   5.6299999999999244e+00    9.8785999986265927e-01    7.9135732690740157e-01
   5.6399999999999242e+00    9.9577357313173331e-01    7.8160122154875800e-01
   5.6499999999999240e+00    1.0035895853472210e+00    7.7176696174050896e-01
   5.6599999999999238e+00    1.0113072549646260e+00    7.6185551099561977e-01
   5.6699999999999235e+00    1.0189258100745822e+00    7.5186784054558908e-01
   5.6799999999999233e+00    1.0264444884800381e+00    7.4180492924529251e-01
   5.6899999999999231e+00    1.0338625377724910e+00    7.3166776347706364e-01
   5.6999999999999229e+00    1.0411792154072617e+00    7.2145733705402249e-01
   5.7099999999999227e+00    1.0483937887778019e+00    7.1117465112266032e-01
   5.7199999999999225e+00    1.0555055352890286e+00    7.0082071406469071e-01
   5.7299999999999223e+00    1.0625137424296756e+00    6.9039654139817630e-01
   5.7399999999999221e+00    1.0694177078436573e+00    6.7990315567794080e-01
   5.7499999999999218e+00    1.0762167394004367e+00    6.6934158639527686e-01
   5.7599999999999216e+00    1.0829101552643894e+00    6.5871286987695810e-01
   5.7699999999999214e+00    1.0894972839631589e+00    6.4801804918356698e-01
   5.7799999999999212e+00    1.0959774644549947e+00    6.3725817400714679e-01
   5.7899999999999210e+00    1.1023500461950662e+00    6.2643430056818927e-01
   5.7999999999999208e+00    1.1086143892007481e+00    6.1554749151196675e-01
   5.8099999999999206e+00    1.1147698641158676e+00    6.0459881580422015e-01
   5.8199999999999203e+00    1.1208158522739098e+00    5.9358934862621182e-01
   5.8299999999999201e+00    1.1267517457601719e+00    5.8252017126915467e-01
   5.8399999999999199e+00    1.1325769474728635e+00    5.7139237102802720e-01
   5.8499999999999197e+00    1.1382908711831439e+00    5.6020704109478525e-01
   5.8599999999999195e+00    1.1438929415940917e+00    5.4896528045098048e-01
   5.8699999999999193e+00    1.1493825943986016e+00    5.3766819375979724e-01
   5.8799999999999191e+00    1.1547592763361996e+00    5.2631689125751668e-01
   5.8899999999999189e+00    1.1600224452487748e+00    5.1491248864442041e-01
   5.8999999999999186e+00    1.1651715701352190e+00    5.0345610697514354e-01
   5.9099999999999184e+00    1.1702061312049705e+00    4.9194887254848813e-01
   5.9199999999999182e+00    1.1751256199304554e+00    4.8039191679670784e-01
   5.9299999999999180e+00    1.1799295390984226e+00    4.6878637617427465e-01
   5.9399999999999178e+00    1.1846174028601653e+00    4.5713339204613862e-01
   5.9499999999999176e+00    1.1891887367806266e+00    4.4543411057549165e-01
   5.9599999999999174e+00    1.1936430778863816e+00    4.3368968261104618e-01
   5.9699999999999172e+00    1.1979799747124920e+00    4.2190126357384028e-01
   5.9799999999999169e+00    1.2021989873482304e+00    4.1007001334357973e-01
   5.9899999999999167e+00    1.2062996874816663e+00    3.9819709614452858e-01
   5.9999999999999165e+00    1.2102816584431115e+00    3.8628368043095962e-01
   6.0099999999999163e+00    1.2141444952474212e+00    3.7433093877217544e-01
   6.0199999999999161e+00    1.2178878046351429e+00    3.6234004773711193e-01
   6.0299999999999159e+00    1.2215112051125141e+00    3.5031218777853523e-01
   6.0399999999999157e+00    1.2250143269902996e+00    3.3824854311684405e-01
   6.0499999999999154e+00    1.2283968124214679e+00    3.2615030162348785e-01
   6.0599999999999152e+00    1.2316583154377028e+00    3.1401865470401341e-01
   6.0699999999999150e+00    1.2347985019847429e+00    3.0185479718075064e-01
   6.0799999999999148e+00    1.2378170499565504e+00    2.8965992717514932e-01
   6.0899999999999146e+00    1.2407136492283020e+00    2.7743524598977842e-01
   6.0999999999999144e+00    1.2434880016881997e+00    2.6518195798999972e-01
   6.1099999999999142e+00    1.2461398212680996e+00    2.5290127048532707e-01
   6.1199999999999140e+00    1.2486688339729528e+00    2.4059439361048332e-01
   6.1299999999999137e+00    1.2510747779090576e+00    2.2826254020616643e-01
   6.1399999999999135e+00    1.2533574033111192e+00    2.1590692569953657e-01
   6.1499999999999133e+00    1.2555164725681145e+00    2.0352876798443595e-01
   6.1599999999999131e+00    1.2575517602479589e+00    1.9112928730135326e-01
   6.1699999999999129e+00    1.2594630531209725e+00    1.7870970611714440e-01
   6.1799999999999127e+00    1.2612501501821440e+00    1.6627124900452167e-01
   6.1899999999999125e+00    1.2629128626721893e+00    1.5381514252132281e-01
   6.1999999999999122e+00    1.2644510140974026e+00    1.4134261508957227e-01
   6.2099999999999120e+00    1.2658644402482984e+00    1.2885489687434631e-01
   6.2199999999999118e+00    1.2671529892170419e+00    1.1635321966245411e-01
   6.2299999999999116e+00    1.2683165214136665e+00    1.0383881674094661e-01
   6.2399999999999114e+00    1.2693549095810759e+00    9.1312922775465238e-02
   6.2499999999999112e+00    1.2702680388088305e+00    7.8776773688442533e-02
   6.2599999999999110e+00    1.2710558065457149e+00    6.6231606537166518e-02
   6.2699999999999108e+00    1.2717181226110865e+00    5.3678659391721034e-02
   6.2799999999999105e+00    1.2722549092050037e+00    4.1119171212813943e-02
   6.2899999999999103e+00    1.2726661009171318e+00    2.8554381729505324e-02
   6.2999999999999101e+00    1.2729516447344269e+00    1.5985531316847729e-02
   6.3099999999999099e+00    1.2731115000475954e+00    3.4138608734505284e-03
   6.3199999999999097e+00    1.2731456386563300e+00   -9.1593883010195262e-03
   6.3299999999999095e+00    1.2730540447733198e+00   -2.1732974628389443e-02
   6.3399999999999093e+00    1.2728367150270359e+00   -3.4305656374570753e-02
   6.3499999999999091e+00    1.2724936584632902e+00   -4.6876191772177764e-02
   6.3599999999999088e+00    1.2720248965455685e+00   -5.9443339143161217e-02
   6.3699999999999086e+00    1.2714304631541369e+00   -7.2005857021445255e-02
   6.3799999999999084e+00    1.2707104045839224e+00   -8.4562504275555506e-02
   6.3899999999999082e+00    1.2698647795411668e+00   -9.7112040231226326e-02
   6.3999999999999080e+00    1.2688936591388547e+00   -1.0965322479397489e-01
   6.4099999999999078e+00    1.2677971268909149e+00   -1.2218481857163022e-01
   6.4199999999999076e+00    1.2665752787051987e+00   -1.3470558299680491e-01
   6.4299999999999073e+00    1.2652282228752307e+00   -1.4721428044929746e-01
   6.4399999999999071e+00    1.2637560800707377e+00   -1.5970967437841324e-01
   6.4499999999999069e+00    1.2621589833269535e+00   -1.7219052942519184e-01
   6.4599999999999067e+00    1.2604370780327017e+00   -1.8465561154452884e-01
   6.4699999999999065e+00    1.2585905219172564e+00   -1.9710368812717979e-01
   6.4799999999999063e+00    1.2566194850359846e+00   -2.0953352812163462e-01
   6.4899999999999061e+00    1.2545241497547683e+00   -2.2194390215585000e-01
   6.4999999999999059e+00    1.2523047107332099e+00   -2.3433358265882809e-01
   6.5099999999999056e+00    1.2499613749066216e+00   -2.4670134398202928e-01
   6.5199999999999054e+00    1.2474943614668013e+00   -2.5904596252060708e-01
   6.5299999999999052e+00    1.2449039018415953e+00   -2.7136621683445322e-01
   6.5399999999999050e+00    1.2421902396732507e+00   -2.8366088776904080e-01
   6.5499999999999048e+00    1.2393536307955604e+00   -2.9592875857605383e-01
   6.5599999999999046e+00    1.2363943432097999e+00   -3.0816861503379078e-01
   6.5699999999999044e+00    1.2333126570594619e+00   -3.2037924556733077e-01
   6.5799999999999041e+00    1.2301088646037885e+00   -3.3255944136845000e-01
   6.5899999999999039e+00    1.2267832701901040e+00   -3.4470799651527700e-01
   6.5999999999999037e+00    1.2233361902249513e+00   -3.5682370809167446e-01
   6.6099999999999035e+00    1.2197679531440346e+00   -3.6890537630633607e-01
   6.6199999999999033e+00    1.2160788993809712e+00   -3.8095180461158656e-01
   6.6299999999999031e+00    1.2122693813348553e+00   -3.9296179982187301e-01
   6.6399999999999029e+00    1.2083397633366366e+00   -4.0493417223193606e-01
   6.6499999999999027e+00    1.2042904216143173e+00   -4.1686773573464869e-01
   6.6599999999999024e+00    1.2001217442569709e+00   -4.2876130793851169e-01
   6.6699999999999022e+00    1.1958341311775857e+00   -4.4061371028479351e-01
   6.6799999999999020e+00    1.1914279940747379e+00   -4.5242376816430335e-01
   6.6899999999999018e+00    1.1869037563930949e+00   -4.6419031103378544e-01
   6.6999999999999016e+00    1.1822618532827569e+00   -4.7591217253192364e-01
   6.7099999999999014e+00    1.1775027315574376e+00   -4.8758819059494413e-01
   6.7199999999999012e+00    1.1726268496514882e+00   -4.9921720757180538e-01
   6.7299999999999010e+00    1.1676346775757702e+00   -5.1079807033896352e-01
   6.7399999999999007e+00    1.1625266968723806e+00   -5.2232963041470182e-01
   6.7499999999999005e+00    1.1573034005682337e+00   -5.3381074407301343e-01
   6.7599999999999003e+00    1.1519652931275035e+00   -5.4524027245702533e-01
   6.7699999999999001e+00    1.1465128904029334e+00   -5.5661708169195256e-01
   6.7799999999998999e+00    1.1409467195860139e+00   -5.6794004299757195e-01
   6.7899999999998997e+00    1.1352673191560383e+00   -5.7920803280020339e-01
   6.7999999999998995e+00    1.1294752388280362e+00   -5.9041993284418837e-01
   6.8099999999998992e+00    1.1235710394995944e+00   -6.0157463030285407e-01
   6.8199999999998990e+00    1.1175552931965658e+00   -6.1267101788895206e-01
   6.8299999999998988e+00    1.1114285830176762e+00   -6.2370799396456134e-01
   6.8399999999998986e+00    1.1051915030780306e+00   -6.3468446265044387e-01
   6.8499999999998984e+00    1.0988446584515261e+00   -6.4559933393484248e-01
   6.8599999999998982e+00    1.0923886651121777e+00   -6.5645152378170979e-01
   6.8699999999998980e+00    1.0858241498743606e+00   -6.6723995423835769e-01
   6.8799999999998978e+00    1.0791517503319770e+00   -6.7796355354251692e-01
   6.8899999999998975e+00    1.0723721147965517e+00   -6.8862125622879555e-01
   6.8999999999998973e+00    1.0654859022342638e+00   -6.9921200323452626e-01
   6.9099999999998971e+00    1.0584937822019185e+00   -7.0973474200499187e-01
   6.9199999999998969e+00    1.0513964347818685e+00   -7.2018842659801807e-01
   6.9299999999998967e+00    1.0441945505158883e+00   -7.3057201778792380e-01
   6.9399999999998965e+00    1.0368888303380090e+00   -7.4088448316881872e-01
   6.9499999999998963e+00    1.0294799855063208e+00   -7.5112479725723691e-01
   6.9599999999998960e+00    1.0219687375337485e+00   -7.6129194159409730e-01
   6.9699999999998958e+00    1.0143558181178076e+00   -7.7138490484598055e-01
   6.9799999999998956e+00    1.0066419690693478e+00   -7.8140268290571202e-01
   6.9899999999998954e+00    9.9882794224029070e-01   -7.9134427899224091e-01
   6.9999999999998952e+00    9.9091449945036825e-01   -8.0120870374980602e-01
   7.0099999999998950e+00    9.8290241241287024e-01   -8.1099497534637788e-01
   7.0199999999998948e+00    9.7479246265940644e-01   -8.2070211957136741e-01
   7.0299999999998946e+00    9.6658544146369274e-01   -8.3032916993259165e-01
   7.0399999999998943e+00    9.5828214976436688e-01   -8.3987516775248705e-01
   7.0499999999998941e+00    9.4988339808684197e-01   -8.4933916226355999e-01
   7.0599999999998939e+00    9.4139000646420634e-01   -8.5872021070306559e-01
   7.0699999999998937e+00    9.3280280435717566e-01   -8.6801737840690607e-01
   7.0799999999998935e+00    9.2412263057310662e-01   -8.7722973890273759e-01
   7.0899999999998933e+00    9.1535033318407921e-01   -8.8635637400227762e-01
   7.0999999999998931e+00    9.0648676944405648e-01   -8.9539637389280358e-01
   7.1099999999998929e+00    8.9753280570512850e-01   -9.0434883722783310e-01
   7.1199999999998926e+00    8.8848931733285019e-01   -9.1321287121697692e-01
   7.1299999999998924e+00    8.7935718862068046e-01   -9.2198759171495615e-01
   7.1399999999998922e+00    8.7013731270353090e-01   -9.3067212330977400e-01
   7.1499999999998920e+00    8.6083059147043317e-01   -9.3926559941003407e-01
   7.1599999999998918e+00    8.5143793547633284e-01   -9.4776716233139602e-01
   7.1699999999998916e+00    8.4196026385301892e-01   -9.5617596338216027e-01
   7.1799999999998914e+00    8.3239850421919737e-01   -9.6449116294797266e-01
   7.1899999999998911e+00    8.2275359258971759e-01   -9.7271193057564143e-01
   7.1999999999998909e+00    8.1302647328396116e-01   -9.8083744505605752e-01
   7.2099999999998907e+00    8.0321809883340056e-01   -9.8886689450620990e-01
   7.2199999999998905e+00    7.9332942988833843e-01   -9.9679947645028855e-01
   7.2299999999998903e+00    7.8336143512383560e-01   -1.0046343978998657e+00
   7.2399999999998901e+00    7.7331509114483699e-01   -1.0123708754331489e+00
   7.2499999999998899e+00    7.6319138239050555e-01   -1.0200081352732953e+00
   7.2599999999998897e+00    7.5299130103777256e-01   -1.0275454133657840e+00
   7.2699999999998894e+00    7.4271584690411474e-01   -1.0349819554548330e+00
   7.2799999999998892e+00    7.3236602734956646e-01   -1.0423170171588581e+00
   7.2899999999998890e+00    7.2194285717797790e-01   -1.0495498640449623e+00
   7.2999999999998888e+00    7.1144735853752827e-01   -1.0566797717024521e+00
   7.3099999999998886e+00    7.0088056082050376e-01   -1.0637060258153688e+00
   7.3199999999998884e+00    6.9024350056235007e-01   -1.0706279222340320e+00
   7.3299999999998882e+00    6.7953722134000971e-01   -1.0774447670455858e+00
   7.3399999999998879e+00    6.6876277366955383e-01   -1.0841558766435397e+00
   7.3499999999998877e+00    6.5792121490311839e-01   -1.0907605777963003e+00
   7.3599999999998875e+00    6.4701360912515538e-01   -1.0972582077146835e+00
   7.3699999999998873e+00    6.3604102704800858e-01   -1.1036481141184036e+00
   7.3799999999998871e+00    6.2500454590682453e-01   -1.1099296553015296e+00
   7.3899999999998869e+00    6.1390524935380919e-01   -1.1161022001969054e+00
   7.3999999999998867e+00    6.0274422735184019e-01   -1.1221651284395235e+00
   7.4099999999998865e+00    5.9152257606744496e-01   -1.1281178304288504e+00
   7.4199999999998862e+00    5.8024139776315642e-01   -1.1339597073900924e+00
   7.4299999999998860e+00    5.6890180068925544e-01   -1.1396901714344014e+00
   7.4399999999998858e+00    5.5750489897491140e-01   -1.1453086456180086e+00
   7.4499999999998856e+00    5.4605181251873136e-01   -1.1508145640002849e+00
   7.4599999999998854e+00    5.3454366687872856e-01   -1.1562073717007200e+00
   7.4699999999998852e+00    5.2298159316172133e-01   -1.1614865249548143e+00
   7.4799999999998850e+00    5.1136672791217319e-01   -1.1666514911688795e+00
   7.4899999999998847e+00    4.9970021300048439e-01   -1.1717017489737400e+00
   7.4999999999998845e+00    4.8798319551074698e-01   -1.1766367882773328e+00
   7.5099999999998843e+00    4.7621682762797363e-01   -1.1814561103161969e+00
   7.5199999999998841e+00    4.6440226652481165e-01   -1.1861592277058508e+00
   7.5299999999998839e+00    4.5254067424775313e-01   -1.1907456644900498e+00
   7.5399999999998837e+00    4.4063321760285262e-01   -1.1952149561889207e+00
   7.5499999999998835e+00    4.2868106804096340e-01   -1.1995666498459665e+00
   7.5599999999998833e+00    4.1668540154250372e-01   -1.2038003040739391e+00
   7.5699999999998830e+00    4.0464739850176434e-01   -1.2079154890995729e+00
   7.5799999999998828e+00    3.9256824361076859e-01   -1.2119117868071763e+00
   7.5899999999998826e+00    3.8044912574269685e-01   -1.2157887907810763e+00
   7.5999999999998824e+00    3.6829123783488610e-01   -1.2195461063469111e+00
   7.6099999999998822e+00    3.5609577677141696e-01   -1.2231833506117684e+00
   7.6199999999998820e+00    3.4386394326529929e-01   -1.2267001525031629e+00
   7.6299999999998818e+00    3.3159694174026766e-01   -1.2300961528068510e+00
   7.6399999999998816e+00    3.1929598021219913e-01   -1.2333710042034780e+00
   7.6499999999998813e+00    3.0696227017016436e-01   -1.2365243713040537e+00
   7.6599999999998811e+00    2.9459702645712382e-01   -1.2395559306842543e+00
   7.6699999999998809e+00    2.8220146715028127e-01   -1.2424653709175448e+00
   7.6799999999998807e+00    2.6977681344110582e-01   -1.2452523926071211e+00
   7.6899999999998805e+00    2.5732428951503461e-01   -1.2479167084166654e+00
   7.6999999999998803e+00    2.4484512243086795e-01   -1.2504580430999159e+00
   7.7099999999998801e+00    2.3234054199986878e-01   -1.2528761335290433e+00
   7.7199999999998798e+00    2.1981178066457835e-01   -1.2551707287218339e+00
   7.7299999999998796e+00    2.0726007337736002e-01   -1.2573415898676772e+00
   7.7399999999998794e+00    1.9468665747868324e-01   -1.2593884903523520e+00
   7.7499999999998792e+00    1.8209277257515971e-01   -1.2613112157816115e+00
   7.7599999999998790e+00    1.6947966041734361e-01   -1.2631095640035639e+00
   7.7699999999998788e+00    1.5684856477730796e-01   -1.2647833451298456e+00
   7.7799999999998786e+00    1.4420073132600950e-01   -1.2663323815555863e+00
   7.7899999999998784e+00    1.3153740751045362e-01   -1.2677565079781619e+00
   7.7999999999998781e+00    1.1885984243067201e-01   -1.2690555714147351e+00
   7.8099999999998779e+00    1.0616928671652465e-01   -1.2702294312185805e+00
   7.8199999999998777e+00    9.3466992404338839e-02   -1.2712779590941929e+00
   7.8299999999998775e+00    8.0754212813396911e-02   -1.2722010391111782e+00
   7.8399999999998773e+00    6.8032202422285123e-02   -1.2729985677169233e+00
   7.8499999999998771e+00    5.5302216745115887e-02   -1.2736704537480459e+00
   7.8599999999998769e+00    4.2565512207635429e-02   -1.2742166184406207e+00
   7.8699999999998766e+00    2.9823346023229221e-02   -1.2746369954391834e+00
   7.8799999999998764e+00    1.7076976068837388e-02   -1.2749315308045088e+00
   7.8899999999998762e+00    4.3276607607922995e-03   -1.2751001830201647e+00
   7.8999999999998760e+00   -8.4233410694093472e-03   -1.2751429229978384e+00
   7.9099999999998758e+00   -2.1174770299387732e-02   -1.2750597340814369e+00
   7.9199999999998756e+00   -3.3925367640202098e-02   -1.2748506120499601e+00
   7.9299999999998754e+00   -4.6673873760701701e-02   -1.2745155651191455e+00
   7.9399999999998752e+00   -5.9419029411893157e-02   -1.2740546139418849e+00
   7.9499999999998749e+00   -7.2159575551312000e-02   -1.2734677916074131e+00
   7.9599999999998747e+00   -8.4894253467386133e-02   -1.2727551436392683e+00
   7.9699999999998745e+00   -9.7621804903778822e-02   -1.2719167279920245e+00
   7.9799999999998743e+00   -1.1034097218369907e-01   -1.2709526150467947e+00
   7.9899999999998741e+00   -1.2305049833416701e-01   -1.2698628876055085e+00
   7.9999999999998739e+00   -1.3574912721022209e-01   -1.2686476408839602e+00
   8.0099999999998737e+00   -1.4843560361906169e-01   -1.2673069825036321e+00
   8.0199999999998735e+00   -1.6110867344409802e-01   -1.2658410324822902e+00
   8.0299999999998732e+00   -1.7376708376892092e-01   -1.2642499232233562e+00
   8.0399999999998730e+00   -1.8640958300115448e-01   -1.2625337995040542e+00
   8.0499999999998728e+00   -1.9903492099619502e-01   -1.2606928184623347e+00
   8.0599999999998726e+00   -2.1164184918081835e-01   -1.2587271495825763e+00
   8.0699999999998724e+00   -2.2422912067664411e-01   -1.2566369746800665e+00
   8.0799999999998722e+00   -2.3679549042344478e-01   -1.2544224878842640e+00
   8.0899999999998720e+00   -2.4933971530228741e-01   -1.2520838956208420e+00
   8.0999999999998717e+00   -2.6186055425849580e-01   -1.2496214165925166e+00
   8.1099999999998715e+00   -2.7435676842442097e-01   -1.2470352817586596e+00
   8.1199999999998713e+00   -2.8682712124200754e-01   -1.2443257343137000e+00
   8.1299999999998711e+00   -2.9927037858514455e-01   -1.2414930296643139e+00
   8.1399999999998709e+00   -3.1168530888178769e-01   -1.2385374354054071e+00
   8.1499999999998707e+00   -3.2407068323584176e-01   -1.2354592312948904e+00
   8.1599999999998705e+00   -3.3642527554879065e-01   -1.2322587092272532e+00
   8.1699999999998703e+00   -3.4874786264106317e-01   -1.2289361732059334e+00
   8.1799999999998700e+00   -3.6103722437312252e-01   -1.2254919393144903e+00
   8.1899999999998698e+00   -3.7329214376626740e-01   -1.2219263356865813e+00
   8.1999999999998696e+00   -3.8551140712313320e-01   -1.2182397024747456e+00
   8.2099999999998694e+00   -3.9769380414788064e-01   -1.2144323918179976e+00
   8.2199999999998692e+00   -4.0983812806606063e-01   -1.2105047678082330e+00
   8.2299999999998690e+00   -4.2194317574414297e-01   -1.2064572064554526e+00
   8.2399999999998688e+00   -4.3400774780869750e-01   -1.2022900956518034e+00
   8.2499999999998685e+00   -4.4603064876521553e-01   -1.1980038351344449e+00
   8.2599999999998683e+00   -4.5801068711655996e-01   -1.1935988364472396e+00
   8.2699999999998681e+00   -4.6994667548103236e-01   -1.1890755229012764e+00
   8.2799999999998679e+00   -4.8183743071004514e-01   -1.1844343295342257e+00
   8.2899999999998677e+00   -4.9368177400538737e-01   -1.1796757030685332e+00
   8.2999999999998675e+00   -5.0547853103607265e-01   -1.1748001018684560e+00
   8.3099999999998673e+00   -5.1722653205475722e-01   -1.1698079958959438e+00
   8.3199999999998671e+00   -5.2892461201371666e-01   -1.1646998666653710e+00
   8.3299999999998668e+00   -5.4057161068037041e-01   -1.1594762071971234e+00
   8.3399999999998666e+00   -5.5216637275234159e-01   -1.1541375219700440e+00
   8.3499999999998664e+00   -5.6370774797204204e-01   -1.1486843268727420e+00
   8.3599999999998662e+00   -5.7519459124076944e-01   -1.1431171491537702e+00
   8.3699999999998660e+00   -5.8662576273230715e-01   -1.1374365273706764e+00
   8.3799999999998658e+00   -5.9800012800601388e-01   -1.1316430113379321e+00
   8.3899999999998656e+00   -6.0931655811939323e-01   -1.1257371620737446e+00
   8.3999999999998654e+00   -6.2057392974013070e-01   -1.1197195517457574e+00
   8.4099999999998651e+00   -6.3177112525758827e-01   -1.1135907636156439e+00
   8.4199999999998649e+00   -6.4290703289374473e-01   -1.1073513919825999e+00
   8.4299999999998647e+00   -6.5398054681357076e-01   -1.1010020421257414e+00
   8.4399999999998645e+00   -6.6499056723482819e-01   -1.0945433302454106e+00
   8.4499999999998643e+00   -6.7593600053728231e-01   -1.0879758834033995e+00
   8.4599999999998641e+00   -6.8681575937131634e-01   -1.0813003394620933e+00
   8.4699999999998639e+00   -6.9762876276593722e-01   -1.0745173470225422e+00
   8.4799999999998636e+00   -7.0837393623616263e-01   -1.0676275653614657e+00
   8.4899999999998634e+00   -7.1905021188977725e-01   -1.0606316643671974e+00
   8.4999999999998632e+00   -7.2965652853344920e-01   -1.0535303244745740e+00
   8.5099999999998630e+00   -7.4019183177819492e-01   -1.0463242365987777e+00
   8.5199999999998628e+00   -7.5065507414418264e-01   -1.0390141020681363e+00
   8.5299999999998626e+00   -7.6104521516486401e-01   -1.0316006325558884e+00
   8.5399999999998624e+00   -7.7136122149042285e-01   -1.0240845500109201e+00
   8.5499999999998622e+00   -7.8160206699053203e-01   -1.0164665865874807e+00
   8.5599999999998619e+00   -7.9176673285640686e-01   -1.0087474845738822e+00
   8.5699999999998617e+00   -8.0185420770214566e-01   -1.0009279963201922e+00
   8.5799999999998615e+00   -8.1186348766534755e-01   -9.9300888416492583e-01
   8.5899999999998613e+00   -8.2179357650699680e-01   -9.8499092036074287e-01
   8.5999999999998611e+00   -8.3164348571060420e-01   -9.7687488699915981e-01
   8.6099999999998609e+00   -8.4141223458059577e-01   -9.6866157593428193e-01
   8.6199999999998607e+00   -8.5109885033993860e-01   -9.6035178870556392e-01
   8.6299999999998604e+00   -8.6070236822699420e-01   -9.5194633645960669e-01
   8.6399999999998602e+00   -8.7022183159159028e-01   -9.4344603987099684e-01
   8.6499999999998600e+00   -8.7965629199030027e-01   -9.3485172906219827e-01
   8.6599999999998598e+00   -8.8900480928092229e-01   -9.2616424352250204e-01
   8.6699999999998596e+00   -8.9826645171614727e-01   -9.1738443202604369e-01
   8.6799999999998594e+00   -9.0744029603640775e-01   -9.0851315254889498e-01
   8.6899999999998592e+00   -9.1652542756189670e-01   -8.9955127218523945e-01
   8.6999999999998590e+00   -9.2552094028374909e-01   -8.9049966706263817e-01
   8.7099999999998587e+00   -9.3442593695437548e-01   -8.8135922225639585e-01
   8.7199999999998585e+00   -9.4323952917693943e-01   -8.7213083170303440e-01
   8.7299999999998583e+00   -9.5196083749396976e-01   -8.6281539811288299e-01
   8.7399999999998581e+00   -9.6058899147509857e-01   -8.5341383288179251e-01
   8.7499999999998579e+00   -9.6912312980391646e-01   -8.4392705600198448e-01
   8.7599999999998577e+00   -9.7756240036393627e-01   -8.3435599597204102e-01
   8.7699999999998575e+00   -9.8590596032365663e-01   -8.2470158970604679e-01
   8.7799999999998573e+00   -9.9415297622071708e-01   -8.1496478244189041e-01
   8.7899999999998570e+00   -1.0023026240451360e+00   -8.0514652764873462e-01
   8.7999999999998568e+00   -1.0103540893216234e+00   -7.9524778693366482e-01
   8.8099999999998566e+00   -1.0183065671909601e+00   -7.8526952994752452e-01
   8.8199999999998564e+00   -1.0261592624904354e+00   -7.7521273428994664e-01
   8.8299999999998562e+00   -1.0339113898333350e+00   -7.6507838541359108e-01
   8.8399999999998560e+00   -1.0415621736874709e+00   -7.5486747652759711e-01
   8.8499999999998558e+00   -1.0491108484527469e+00   -7.4458100850025966e-01
   8.8599999999998555e+00   -1.0565566585377495e+00   -7.3421998976094027e-01
   8.8699999999998553e+00   -1.0638988584353588e+00   -7.2378543620122149e-01
   8.8799999999998551e+00   -1.0711367127973710e+00   -7.1327837107531389e-01
   8.8899999999998549e+00   -1.0782694965081241e+00   -7.0269982489972704e-01
   8.8999999999998547e+00   -1.0852964947571213e+00   -6.9205083535221279e-01
   8.9099999999998545e+00   -1.0922170031106435e+00   -6.8133244716999142e-01
   8.9199999999998543e+00   -1.0990303275823434e+00   -6.7054571204727065e-01
   8.9299999999998541e+00   -1.1057357847028162e+00   -6.5969168853206739e-01
   8.9399999999998538e+00   -1.1123327015881368e+00   -6.4877144192234237e-01
   8.9499999999998536e+00   -1.1188204160073603e+00   -6.3778604416145790e-01
   8.9599999999998534e+00   -1.1251982764489747e+00   -6.2673657373296920e-01
   8.9699999999998532e+00   -1.1314656421863045e+00   -6.1562411555475915e-01
   8.9799999999998530e+00   -1.1376218833418521e+00   -6.0444976087252722e-01
   8.9899999999998528e+00   -1.1436663809505774e+00   -5.9321460715264307e-01
   8.9999999999998526e+00   -1.1495985270221039e+00   -5.8191975797437512e-01
   9.0099999999998523e+00   -1.1554177246018476e+00   -5.7056632292150478e-01
   9.0199999999998521e+00   -1.1611233878310625e+00   -5.5915541747333697e-01
   9.0299999999998519e+00   -1.1667149420057958e+00   -5.4768816289511735e-01
   9.0399999999998517e+00   -1.1721918236347471e+00   -5.3616568612786808e-01
   9.0499999999998515e+00   -1.1775534804960257e+00   -5.2458911967765132e-01
   9.0599999999998513e+00   -1.1827993716928022e+00   -5.1295960150427256e-01
   9.0699999999998511e+00   -1.1879289677078451e+00   -5.0127827490943444e-01
   9.0799999999998509e+00   -1.1929417504569395e+00   -4.8954628842435177e-01
   9.0899999999998506e+00   -1.1978372133411830e+00   -4.7776479569683905e-01
   9.0999999999998504e+00   -1.2026148612981513e+00   -4.6593495537788154e-01
   9.1099999999998502e+00   -1.2072742108519301e+00   -4.5405793100770098e-01
   9.1199999999998500e+00   -1.2118147901620071e+00   -4.4213489090132729e-01
   9.1299999999998498e+00   -1.2162361390710204e+00   -4.3016700803368729e-01
   9.1399999999998496e+00   -1.2205378091513572e+00   -4.1815545992422187e-01
   9.1499999999998494e+00   -1.2247193637505995e+00   -4.0610142852104308e-01
   9.1599999999998492e+00   -1.2287803780358100e+00   -3.9400610008464215e-01
   9.1699999999998489e+00   -1.2327204390366564e+00   -3.8187066507116052e-01
   9.1799999999998487e+00   -1.2365391456873680e+00   -3.6969631801523450e-01
   9.1899999999998485e+00   -1.2402361088675204e+00   -3.5748425741242607e-01
   9.1999999999998483e+00   -1.2438109514416447e+00   -3.4523568560125045e-01
   9.2099999999998481e+00   -1.2472633082976572e+00   -3.3295180864481277e-01
   9.2199999999998479e+00   -1.2505928263841053e+00   -3.2063383621206509e-01
   9.2299999999998477e+00   -1.2537991647462259e+00   -3.0828298145869565e-01
   9.2399999999998474e+00   -1.2568819945608127e+00   -2.9590046090766192e-01
   9.2499999999998472e+00   -1.2598409991698893e+00   -2.8348749432937931e-01
   9.2599999999998470e+00   -1.2626758741131832e+00   -2.7104530462157750e-01
   9.2699999999998468e+00   -1.2653863271593990e+00   -2.5857511768883568e-01
   9.2799999999998466e+00   -1.2679720783362873e+00   -2.4607816232180946e-01
   9.2899999999998464e+00   -1.2704328599595054e+00   -2.3355567007616029e-01
   9.2999999999998462e+00   -1.2727684166602671e+00   -2.2100887515120021e-01
   9.3099999999998460e+00   -1.2749785054117790e+00   -2.0843901426826342e-01
   9.3199999999998457e+00   -1.2770628955544616e+00   -1.9584732654881670e-01
   9.3299999999998455e+00   -1.2790213688199499e+00   -1.8323505339232085e-01
   9.3399999999998453e+00   -1.2808537193538732e+00   -1.7060343835385502e-01
   9.3499999999998451e+00   -1.2825597537374116e+00   -1.5795372702151617e-01
   9.3599999999998449e+00   -1.2841392910076268e+00   -1.4528716689360549e-01
   9.3699999999998447e+00   -1.2855921626765630e+00   -1.3260500725561417e-01
   9.3799999999998445e+00   -1.2869182127491190e+00   -1.1990849905702043e-01
   9.3899999999998442e+00   -1.2881172977396893e+00   -1.0719889478791013e-01
   9.3999999999998440e+00   -1.2891892866875685e+00   -9.4477448355432952e-02
   9.4099999999998438e+00   -1.2901340611711227e+00   -8.1745414960106524e-02
   9.4199999999998436e+00   -1.2909515153207238e+00   -6.9004050971980521e-02
   9.4299999999998434e+00   -1.2916415558304437e+00   -5.6254613806673050e-02
   9.4399999999998432e+00   -1.2922041019685104e+00   -4.3498361801291588e-02
   9.4499999999998430e+00   -1.2926390855865233e+00   -3.0736554090250577e-02
   9.4599999999998428e+00   -1.2929464511274258e+00   -1.7970450480998074e-02
   9.4699999999998425e+00   -1.2931261556322358e+00   -5.2013113296636160e-03
   9.4799999999998423e+00   -1.2931781687455324e+00    7.5696025833603443e-03
   9.4899999999998421e+00   -1.2931024727196987e+00    2.0341030177891222e-02
   9.4999999999998419e+00   -1.2928990624179197e+00    3.3111710198470964e-02
   9.5099999999998417e+00   -1.2925679453159351e+00    4.5880381338910342e-02
   9.5199999999998415e+00   -1.2921091415025461e+00    5.8645782366850516e-02
   9.5299999999998413e+00   -1.2915226836788776e+00    7.1406652248329663e-02
   9.5399999999998411e+00   -1.2908086171563942e+00    8.4161730272342264e-02
   9.5499999999998408e+00   -1.2899669998536707e+00    9.6909756175378808e-02
   9.5599999999998406e+00   -1.2889979022919169e+00    1.0964947026593366e-01
   9.5699999999998404e+00   -1.2879014075892576e+00    1.2237961354896863e-01
   9.5799999999998402e+00   -1.2866776114537679e+00    1.3509892785032016e-01
   9.5899999999998400e+00   -1.2853266221752646e+00    1.4780615594103758e-01
   9.5999999999998398e+00   -1.2838485606158543e+00    1.6050004166164050e-01
   9.6099999999998396e+00   -1.2822435601992379e+00    1.7317933004628269e-01
   9.6199999999998393e+00   -1.2805117668987751e+00    1.8584276744681036e-01
   9.6299999999998391e+00   -1.2786533392243069e+00    1.9848910165670267e-01
   9.6399999999998389e+00   -1.2766684482077399e+00    2.1111708203488191e-01
   9.6499999999998387e+00   -1.2745572773873912e+00    2.2372545962938156e-01
   9.6599999999998385e+00   -1.2723200227910973e+00    2.3631298730085945e-01
   9.6699999999998383e+00   -1.2699568929180887e+00    2.4887841984594433e-01
   9.6799999999998381e+00   -1.2674681087196291e+00    2.6142051412040340e-01
   9.6899999999998379e+00   -1.2648539035784250e+00    2.7393802916211846e-01
   9.6999999999998376e+00   -1.2621145232868038e+00    2.8642972631385899e-01
   9.7099999999998374e+00   -1.2592502260236653e+00    2.9889436934583946e-01
   9.7199999999998372e+00   -1.2562612823302068e+00    3.1133072457804917e-01
   9.7299999999998370e+00   -1.2531479750844263e+00    3.2373756100234230e-01
   9.7399999999998368e+00   -1.2499105994744029e+00    3.3611365040427610e-01
   9.7499999999998366e+00   -1.2465494629703602e+00    3.4845776748468532e-01
   9.7599999999998364e+00   -1.2430648852955133e+00    3.6076868998098061e-01
   9.7699999999998361e+00   -1.2394571983957035e+00    3.7304519878815912e-01
   9.7799999999998359e+00   -1.2357267464078219e+00    3.8528607807951509e-01
   9.7899999999998357e+00   -1.2318738856270268e+00    3.9749011542703871e-01
   9.7999999999998355e+00   -1.2278989844727564e+00    4.0965610192149121e-01
   9.8099999999998353e+00   -1.2238024234535414e+00    4.2178283229214414e-01
   9.8199999999998351e+00   -1.2195845951306199e+00    4.3386910502617132e-01
   9.8299999999998349e+00   -1.2152459040803583e+00    4.4591372248768135e-01
   9.8399999999998347e+00   -1.2107867668554815e+00    4.5791549103637896e-01
   9.8499999999998344e+00   -1.2062076119451177e+00    4.6987322114584368e-01
   9.8599999999998342e+00   -1.2015088797336593e+00    4.8178572752141369e-01
   9.8699999999998340e+00   -1.1966910224584451e+00    4.9365182921766332e-01
   9.8799999999998338e+00   -1.1917545041662685e+00    5.0547034975546290e-01
   9.8899999999998336e+00   -1.1866998006687139e+00    5.1724011723860897e-01
   9.8999999999998334e+00   -1.1815273994963278e+00    5.2895996447001314e-01
   9.9099999999998332e+00   -1.1762377998516276e+00    5.4062872906743886e-01
   9.9199999999998330e+00   -1.1708315125609532e+00    5.5224525357877352e-01
   9.9299999999998327e+00   -1.1653090600251654e+00    5.6380838559682545e-01
   9.9399999999998325e+00   -1.1596709761691972e+00    5.7531697787363401e-01
   9.9499999999998323e+00   -1.1539178063904609e+00    5.8676988843428102e-01
   9.9599999999998321e+00   -1.1480501075061180e+00    5.9816598069019322e-01
   9.9699999999998319e+00   -1.1420684476992160e+00    6.0950412355192363e-01
   9.9799999999998317e+00   -1.1359734064636968e+00    6.2078319154140105e-01
   9.9899999999998315e+00   -1.1297655745482829e+00    6.3200206490363653e-01
   9.9999999999998312e+00   -1.1234455538992465e+00    6.4315962971787533e-01
