   0.0000000000000000e+00    1.2273094708000001e+00   -1.2181058400000000e-01
   1.0000000000000001e-01    1.2090679582331896e+00   -2.4241816667241600e-01
   2.0000000000000001e-01    1.1788557639881925e+00   -3.6062865732049743e-01
   3.0000000000000004e-01    1.1369717084935691e+00   -4.7527166826212269e-01
   4.0000000000000002e-01    1.0838301753708155e+00   -5.8521210269506918e-01
   5.0000000000000000e-01    1.0199570116953276e+00   -6.8936139345158265e-01
   5.9999999999999998e-01    9.4598432462641779e-01   -7.8668828136574931e-01
   6.9999999999999996e-01    8.6264422589483758e-01   -8.7622902653247026e-01
   7.9999999999999993e-01    7.7076158605412182e-01   -9.5709695134882711e-01
   8.9999999999999991e-01    6.7124587020730386e-01   -1.0284912208417716e+00
   9.9999999999999989e-01    5.6508213601604307e-01   -1.0897047733349283e+00
   1.0999999999999999e+00    4.5332128309490299e-01   -1.1401313229171448e+00
   1.2000000000000000e+00    3.3706965030726588e-01   -1.1792713643630326e+00
   1.3000000000000000e+00    2.1747806393774533e-01   -1.2067371210301534e+00
   1.4000000000000001e+00    9.5730445155005381e-02   -1.2222563867209981e+00
   1.5000000000000002e+00   -2.6967910455269875e-02   -1.2256752234468782e+00
   1.6000000000000003e+00   -1.4940226525812955e-01   -1.2169594883569350e+00
   1.7000000000000004e+00   -2.7036046570797845e-01   -1.1961951746865356e+00
   1.8000000000000005e+00   -3.8864494319696602e-01   -1.1635875633206134e+00
   1.9000000000000006e+00   -5.0308457079952074e-01   -1.1194591933428040e+00
   2.0000000000000004e+00   -6.1254625852319311e-01   -1.0642466716339165e+00
   2.1000000000000005e+00   -7.1594617226199730e-01   -9.9849635307763762e-01
   2.2000000000000006e+00   -8.1226046537113139e-01   -9.2285893411354536e-01
   2.3000000000000007e+00   -9.0053541660448333e-01   -8.3808301313683975e-01
   2.4000000000000008e+00   -9.7989687403097436e-01   -7.4500768147411123e-01
   2.5000000000000009e+00   -1.0495589114144206e+00   -6.4455421826369297e-01
   2.6000000000000010e+00   -1.1088316113362255e+00   -5.3771697144261865e-01
   2.7000000000000011e+00   -1.1571278979837092e+00   -4.2555351510206935e-01
   2.8000000000000012e+00   -1.1939693519336725e+00   -3.0917418063962421e-01
   2.9000000000000012e+00   -1.2189909493377864e+00   -1.8973106533865625e-01
   3.0000000000000013e+00   -1.2319446785638219e+00   -6.8406627181414159e-02
   3.1000000000000014e+00   -1.2327019984592151e+00    5.3598021198570753e-02
   3.2000000000000015e+00   -1.2212551138709664e+00    1.7507500353772432e-01
   3.3000000000000016e+00   -1.1977170557648991e+00    2.9482163821615170e-01
   3.4000000000000017e+00   -1.1623205651219168e+00    4.1165234539398177e-01
   3.5000000000000018e+00   -1.1154157916319467e+00    5.2441038512386684e-01
   3.6000000000000019e+00   -1.0574668299404815e+00    6.3197931022369624e-01
   3.7000000000000020e+00   -9.8904712771186576e-01    7.3329402051473358e-01
   3.8000000000000020e+00   -9.1083381094375127e-01    8.2735130897425568e-01
   3.9000000000000021e+00   -8.2360098268788540e-01    9.1321979537934572e-01
   4.0000000000000018e+00   -7.2821206149743800e-01    9.9004914908001806e-01
   4.1000000000000014e+00   -6.2561123542976182e-01    1.0570785095753479e+00
   4.2000000000000011e+00   -5.1681411619167483e-01    1.1136440215061081e+00
   4.3000000000000007e+00   -4.0289768593530956e-01    1.1591854094430007e+00
   4.4000000000000004e+00   -2.8498963621786089e-01    1.1932515273541424e+00
   4.5000000000000000e+00   -1.6425720465880284e-01    1.2155048277849436e+00
   4.5999999999999996e+00   -4.1895619803703293e-02    1.2257247064774450e+00
   4.6999999999999993e+00    8.0883731414631899e-02    1.2238096892886732e+00
   4.7999999999999989e+00    2.0286529647777377e-01    1.2097784397284566e+00
   4.8999999999999986e+00    3.2284139161661218e-01    1.1837695771129324e+00
   4.9999999999999982e+00    4.3962415853610259e-01    1.1460403071050922e+00
   5.0999999999999979e+00    5.5205732515176054e-01    1.0969638781715818e+00
   5.1999999999999975e+00    6.5902765389731932e-01    1.0370258891091826e+00
   5.2999999999999972e+00    7.5947596425329267e-01    9.6681948416986219e-01
   5.3999999999999968e+00    8.5240762035879614e-01    8.8703948332737625e-01
   5.4999999999999964e+00    9.3690237986220204e-01    7.9847550577207094e-01
   5.5999999999999961e+00    1.0121235064876495e+00    7.0200415468937738e-01
   5.6999999999999957e+00    1.0773260560815512e+00    5.9858034067280097e-01
   5.7999999999999954e+00    1.1318642540839006e+00    4.8922782965194467e-01
   5.8999999999999950e+00    1.1751978913624288e+00    3.7502910889579733e-01
   5.9999999999999947e+00    1.2068976750644609e+00    2.5711467140511640e-01
   6.0999999999999943e+00    1.2266494814855042e+00    1.3665182476835175e-01
   6.1999999999999940e+00    1.2342574688227639e+00    1.4833135266137221e-02
   6.2999999999999936e+00    1.2296460189683307e+00   -1.0713537837674314e-01
   6.3999999999999932e+00    1.2128604890889907e+00   -2.2804618471163113e-01
   6.4999999999999929e+00    1.1840667655227062e+00   -3.4670219455395385e-01
   6.5999999999999925e+00    1.1435496243791596e+00   -4.6192861288026887e-01
   6.6999999999999922e+00    1.0917099150459484e+00   -5.7258457029355192e-01
   6.7999999999999918e+00    1.0290605944560962e+00   -6.7757441889538028e-01
   6.8999999999999915e+00    9.5622165135113402e-01   -7.7585858072335900e-01
   6.9999999999999911e+00    8.7391397076442623e-01   -8.6646384133918508e-01
   7.0999999999999908e+00    7.8295219944287298e-01   -9.4849298664334691e-01
   7.1999999999999904e+00    6.8423668281768935e-01   -1.0211336874922803e+00
   7.2999999999999901e+00    5.7874455332870756e-01   -1.0836665441385185e+00
   7.3999999999999897e+00    4.6752005831051857e-01   -1.1354722108303057e+00
   7.4999999999999893e+00    3.5166422317955065e-01   -1.1760375300119725e+00
   7.5999999999999890e+00    2.3232395224429275e-01   -1.2049606153699859e+00
   7.6999999999999886e+00    1.1068067503111184e-01   -1.2219548333749353e+00
   7.7999999999999883e+00   -1.2061349479685332e-02   -1.2268516438738024e+00
   7.8999999999999879e+00   -1.3468695492333488e-01   -1.2196022715817398e+00
   7.9999999999999876e+00   -2.5598209789809745e-01   -1.2002781918964407e+00
   8.0999999999999872e+00   -3.7474587748832072e-01   -1.1690704261964400e+00
   8.1999999999999869e+00   -4.8980242496492743e-01   -1.1262876535711355e+00
   8.2999999999999865e+00   -6.0001254594756415e-01   -1.0723531576482650e+00
   8.3999999999999861e+00   -7.0428499976050163e-01   -1.0078006387180165e+00
   8.4999999999999858e+00   -8.0158730430348590e-01   -9.3326893258767984e-01
   8.5999999999999854e+00   -8.9095595945360329e-01   -8.4949568842554957e-01
   8.6999999999999851e+00   -9.7150598776837638e-01   -7.5731006816046631e-01
   8.7999999999999847e+00   -1.0424396980168227e+00   -6.5762453969188506e-01
   8.8999999999999844e+00   -1.1030545847572042e+00   -5.5142584513874504e-01
   8.9999999999999840e+00   -1.1527502857315477e+00   -4.3976523352482844e-01
   9.0999999999999837e+00   -1.1910345281730881e+00   -3.2374805458283518e-01
   9.1999999999999833e+00   -1.2175280051312529e+00   -2.0452281668693095e-01
   9.2999999999999829e+00   -1.2319681335106079e+00   -8.3269817231368337e-02
   9.3999999999999826e+00   -1.2342116565904693e+00    3.8810541991627812e-02
   9.4999999999999822e+00   -1.2242360652310627e+00    1.6050963874014790e-01
   9.5999999999999819e+00   -1.2021398236669369e+00    2.8062259594626882e-01
   9.6999999999999815e+00   -1.1681413976230428e+00    3.9796021055283282e-01
   9.7999999999999812e+00   -1.1225770943462969e+00    5.1136072746237460e-01
   9.8999999999999808e+00   -1.0658977359081774e+00    6.1970134202780569e-01
   9.9999999999999805e+00   -9.9866419868548229e-01    7.2190931719916396e-01
   1.0099999999999980e+01   -9.2154186315245701e-01    8.1697260525301274e-01
   1.0199999999999980e+01   -8.3529402890690885e-01    9.0394986893321005e-01
   1.0299999999999979e+01   -7.4077436009884545e-01    9.8197980277526420e-01
   1.0399999999999979e+01   -6.3891843603115095e-01    1.0502896623125220e+00
   1.0499999999999979e+01   -5.3073449056277688e-01    1.1082029167024592e+00
   1.0599999999999978e+01   -4.1729343197813196e-01    1.1551459489877622e+00
   1.0699999999999978e+01   -2.9971824211224773e-01    1.1906537376338209e+00
   1.0799999999999978e+01   -1.7917285966931534e-01    1.2143744630683906e+00
   1.0899999999999977e+01   -5.6850657781429198e-02    1.2260729935907004e+00
   1.0999999999999977e+01    6.6037370125765563e-02    1.2256332161108434e+00
   1.1099999999999977e+01    1.8827459920316886e-01    1.2130591886160675e+00
   1.1199999999999976e+01    3.0865081809391037e-01    1.1884751029253764e+00
   1.1299999999999976e+01    4.2597421064670027e-01    1.1521240580721763e+00
   1.1399999999999975e+01    5.3908315580174448e-01    1.1043656564299478e+00
   1.1499999999999975e+01    6.4685772882139025e-01    1.0456724463515163e+00
   1.1599999999999975e+01    7.4823078999162185e-01    9.7662524651303206e-01
   1.1699999999999974e+01    8.4219855100194640e-01    8.9790739822617816e-01
   1.1799999999999974e+01    9.2783051437971664e-01    8.1029800259678508e-01
   1.1899999999999974e+01    1.0042786875593881e+00    7.1466420945982134e-01
   1.1999999999999973e+01    1.0707859803462019e+00    6.1195263441014358e-01
   1.2099999999999973e+01    1.1266937026162667e+00    5.0317998888243542e-01
   1.2199999999999973e+01    1.1714480880009910e+00    3.8942301602695145e-01
   1.2299999999999972e+01    1.2046057789451372e+00    2.7180783200283248e-01
   1.2399999999999972e+01    1.2258382188089894e+00    1.5149877819978075e-01
   1.2499999999999972e+01    1.2349349075044886e+00    2.9686894743454442e-02
   1.2599999999999971e+01    1.2318054884055769e+00   -9.2421870607932041e-02
   1.2699999999999971e+01    1.2164806458430371e+00   -2.1361860144580486e-01
   1.2799999999999971e+01    1.1891118042692836e+00   -3.3270338137532385e-01
   1.2899999999999970e+01    1.1499696320422697e+00   -4.4849717386772697e-01
   1.2999999999999970e+01    1.0994413646124723e+00   -5.5985349568366272e-01
   1.3099999999999969e+01    1.0380269735856498e+00   -6.6566976829110458e-01
   1.3199999999999969e+01    9.6633421956097343e-01   -7.6489823488660191e-01
   1.3299999999999969e+01    8.8507263769612110e-01   -8.5655633492657368e-01
   1.3399999999999968e+01    7.9504651551852024e-01   -9.3973643344357516e-01
   1.3499999999999968e+01    6.9714693248053228e-01   -1.0136148088078398e+00
   1.3599999999999968e+01    5.9234294004715937e-01   -1.0774598099337240e+00
   1.3699999999999967e+01    4.8167196961583408e-01   -1.1306391021513287e+00
   1.3799999999999967e+01    3.6622956321473821e-01   -1.1726259299841653e+00
   1.3899999999999967e+01    2.4715852863316728e-01   -1.2030043348049910e+00
   1.3999999999999966e+01    1.2563762633827760e-01   -1.2214732756875355e+00
   1.4099999999999966e+01    2.8699001706656152e-03   -1.2278496126293588e+00
   1.4199999999999966e+01   -1.1992923265931302e-01   -1.2220699225830500e+00
   1.4299999999999965e+01   -2.4154401436674633e-01   -1.2041911302879011e+00
   1.4399999999999965e+01   -3.6077038305259346e-01   -1.1743899476276796e+00
   1.4499999999999964e+01   -4.7642789366384769e-01   -1.1329611270360200e+00
   1.4599999999999964e+01   -5.8737140542853761e-01   -1.0803145462124746e+00
   1.4699999999999964e+01   -6.9250242004977891e-01   -1.0169711529831551e+00
   1.4799999999999963e+01   -7.9077995839788862e-01   -9.4355781042560816e-01
   1.4899999999999963e+01   -8.8123086800588069e-01   -8.6080109326635101e-01
   1.4999999999999963e+01   -9.6295945930630278e-01   -7.6952009694354095e-01
   1.5099999999999962e+01   -1.0351563751906023e+00   -6.7061833050374331e-01
   1.5199999999999962e+01   -1.0971066060602854e+00   -5.6507477357389191e-01
   1.5299999999999962e+01   -1.1481965709969488e+00   -4.5393418592747026e-01
   1.5399999999999961e+01   -1.1879201949221130e+00   -3.3829676556570176e-01
   1.5499999999999961e+01   -1.2158839215561579e+00   -2.1930725768683043e-01
   1.5599999999999961e+01   -1.2318106125201966e+00   -9.8143622355486695e-02
   1.5699999999999960e+01   -1.2355422939511205e+00    2.3994626944199335e-02
   1.5799999999999960e+01   -1.2270417234091699e+00    1.4589829842696156e-01
   1.5899999999999959e+01   -1.2063927615362793e+00    2.6636049323321886e-01
   1.5999999999999959e+01   -1.1737995447564913e+00    3.8418855424695619e-01
   1.6099999999999959e+01   -1.1295844671797881e+00    4.9821587420623581e-01
   1.6199999999999960e+01   -1.0741849916602306e+00    6.0731344619808136e-01
   1.6299999999999962e+01   -1.0081493215516042e+00    7.1040104217711963e-01
   1.6399999999999963e+01   -9.3213097598407035e-01    8.0645790882728541e-01
   1.6499999999999964e+01   -8.4688232234193250e-01    8.9453287486168309e-01
   1.6599999999999966e+01   -7.5324712994803966e-01    9.7375376968010541e-01
   1.6699999999999967e+01   -6.5215221865234563e-01    1.0433360601190935e+00
   1.6799999999999969e+01   -5.4459828498473095e-01    1.1025906197683311e+00
   1.6899999999999970e+01   -4.3164999667664322e-01    1.1509305539130070e+00
   1.6999999999999972e+01   -3.1442545360175322e-01    1.1878770125095699e+00
   1.7099999999999973e+01   -1.9408511946091078e-01    1.2130639336195068e+00
   1.7199999999999974e+01   -7.1820333779062107e-02    1.2262416703132533e+00
   1.7299999999999976e+01    5.1158482060464222e-02    1.2272794651092667e+00
   1.7399999999999977e+01    1.7363380798697631e-01    1.2161667474222657e+00
   1.7499999999999979e+01    2.9439307898536321e-01    1.1930132411467007e+00
   1.7599999999999980e+01    4.1224069007600356e-01    1.1580478812813237e+00
   1.7699999999999982e+01    5.2600983367654064e-01    1.1116165502916504e+00
   1.7799999999999983e+01    6.3457405214701090e-01    1.0541786565924152e+00
   1.7899999999999984e+01    7.3685839113675045e-01    9.8630258899612300e-01
   1.7999999999999986e+01    8.3185004330092949e-01    9.0866009210299470e-01
   1.8099999999999987e+01    9.1860837699740894e-01    8.2201961829179027e-01
   1.8199999999999989e+01    9.9627425066097475e-01    7.2723872210440133e-01
   1.8299999999999990e+01    1.0640785206216510e+00    6.2525557229937190e-01
   1.8399999999999991e+01    1.1213496581167584e+00    5.1707966558676333e-01
   1.8499999999999993e+01    1.1675204000636541e+00    4.0378183396248485e-01
   1.8599999999999994e+01    1.2021333677243882e+00    2.8648364455609160e-01
   1.8699999999999996e+01    1.2248455976101742e+00    1.6634629692281303e-01
   1.8799999999999997e+01    1.2354319397414564e+00    4.4559127688627381e-02
   1.8899999999999999e+01    1.2337872895918758e+00   -7.7672163652765303e-02
   1.9000000000000000e+01    1.2199276315905945e+00   -1.9913745122874160e-01
   1.9100000000000001e+01    1.1939898838229259e+00   -3.1863416339046119e-01
   1.9200000000000003e+01    1.1562305454375621e+00   -4.3497918881799130e-01
   1.9300000000000004e+01    1.1070231601223923e+00   -5.4702059025102168e-01
   1.9400000000000006e+01    1.0468546207326057e+00   -6.5364900987004959e-01
   1.9500000000000007e+01    9.7632035162842312e-01   -7.5380865340286340e-01
   1.9600000000000009e+01    8.9611841639179568e-01   -8.4650774419918318e-01
   1.9700000000000010e+01    8.0704260923173465e-01   -9.3082834376118140e-01
   1.9800000000000011e+01    7.0997459845123023e-01   -1.0059354414874149e+00
   1.9900000000000013e+01    6.0587519973533654e-01   -1.0710852236203936e+00
   2.0000000000000014e+01    4.9577486563700407e-01   -1.1256324395120179e+00
   2.0100000000000016e+01    3.8076348539928673e-01   -1.1690367922560181e+00
   2.0200000000000017e+01    2.6197959608278321e-01   -1.2008682903938914e+00
   2.0300000000000018e+01    1.4059911179793727e-01   -1.2208115076850621e+00
   2.0400000000000020e+01    1.7823682615372857e-02   -1.2286687087412775e+00
   2.0500000000000021e+01   -1.0513120160350962e-01   -1.2243618095526074e+00
   2.0600000000000023e+01   -2.2704824468525225e-01   -1.2079331534666740e+00
   2.0700000000000024e+01   -3.4672039579966385e-01   -1.1795450949097399e+00
   2.0800000000000026e+01   -4.6296279997617906e-01   -1.1394783949419007e+00
   2.0900000000000027e+01   -5.7462452916408679e-01   -1.0881294445020302e+00
   2.1000000000000028e+01   -6.8059997768927760e-01   -1.0260063428048340e+00
   2.1100000000000030e+01   -7.7983980927993135e-01   -9.5372386968747069e-01
   2.1200000000000031e+01   -8.7136134727045411e-01   -8.7199740165446793e-01
   2.1300000000000033e+01   -9.5425830510307941e-01   -7.8163583182866814e-01
   2.1400000000000034e+01   -1.0277097607753471e+00   -6.8353356387911801e-01
   2.1500000000000036e+01   -1.0909882863645504e+00   -5.7866165916650969e-01
   2.1600000000000037e+01   -1.1434671521231332e+00   -4.6805822473218245e-01
   2.1700000000000038e+01   -1.1846265337991675e+00   -3.5281813727477429e-01
   2.1800000000000040e+01   -1.2140586617027447e+00   -2.3408220483490566e-01
   2.1900000000000041e+01   -1.2314718605147470e+00   -1.1302587347766782e-01
   2.2000000000000043e+01   -1.2366934398152920e+00    9.1524092300013099e-03
   2.2100000000000044e+01   -1.2296714066864840e+00    1.3124305874938180e-01
   2.2200000000000045e+01   -1.2104749834053279e+00    2.5203732864963452e-01
   2.2300000000000047e+01   -1.1792939250723089e+00    3.7033927768187280e-01
   2.2400000000000048e+01   -1.1364366439021145e+00    4.8497761036882092e-01
   2.2500000000000050e+01   -1.0823271587176437e+00    5.9481727388059258e-01
   2.2600000000000051e+01   -1.0175008998198367e+00    6.9877069637712474e-01
   2.2700000000000053e+01   -9.4259941073881393e-01    7.9580855554462160e-01
   2.2800000000000054e+01   -8.5836399929412344e-01    8.8496997070190753e-01
   2.2900000000000055e+01   -7.6562840079541827e-01    9.6537201755686919e-01
   2.3000000000000057e+01   -6.6531052599660356e-01    1.0362184713967288e+00
   2.3100000000000058e+01   -5.5840337547955943e-01    1.0968076921323964e+00
   2.3200000000000060e+01   -4.4596521039820175e-01    1.1465395731110080e+00
   2.3300000000000061e+01   -3.2910907687815460e-01    1.1849214848779122e+00
   2.3400000000000063e+01   -2.0899178776873906e-01    1.2115731550180715e+00
   2.3500000000000064e+01   -8.6802470818929889e-02    1.2262304357386329e+00
   2.3600000000000065e+01    3.6249203355837284e-02    1.2287479218650330e+00
   2.3700000000000067e+01    1.5894499697616946e-01    1.2191003933034410e+00
   2.3800000000000068e+01    2.8007016591144523e-01    1.1973830676599422e+00
   2.3900000000000070e+01    3.9842548619816875e-01    1.1638106604864231e+00
   2.4000000000000071e+01    5.1283912719596447e-01    1.1187152624280101e+00
   2.4100000000000072e+01    6.2217825382867176e-01    1.0625430542602672e+00
   2.4200000000000074e+01    7.2536024303729252e-01    9.9584989231021037e-01
   2.4300000000000075e+01    8.2136340338819536e-01    9.1929580793961951e-01
   2.4400000000000077e+01    9.0923709169622646e-01    8.3363847552139547e-01
   2.4500000000000078e+01    9.8811112648957011e-01    7.3972571355335148e-01
   2.4600000000000080e+01    1.0572044051022997e+00    6.3848709312771512e-01
   2.4700000000000081e+01    1.1158326390626760e+00    5.3092473681394736e-01
   2.4800000000000082e+01    1.1634151311723793e+00    4.1810339902973020e-01
   2.4900000000000084e+01    1.1994805271576230e+00    3.0113992609073720e-01
   2.5000000000000085e+01    1.2236714849235923e+00    1.8119220027361427e-01
   2.5100000000000087e+01    1.2357482151584012e+00    5.9447677337609181e-02
   2.5200000000000088e+01    1.2355908582057098e+00   -6.2888369022127633e-02
   2.5300000000000090e+01    1.2232006736456773e+00   -1.8460477941229225e-01
   2.5400000000000091e+01    1.1987000307779858e+00   -3.0449649954080144e-01
   2.5500000000000092e+01    1.1623312000719239e+00   -4.2137651086570288e-01
   2.5600000000000094e+01    1.1144539575193986e+00   -5.3408758297415126e-01
   2.5700000000000095e+01    1.0555420255797527e+00   -6.4151373133404077e-01
   2.5800000000000097e+01    9.8617838592403584e-01   -7.4259126697496969e-01
   2.5900000000000098e+01    9.0704951035684600e-01   -8.3631932869250503e-01
   2.6000000000000099e+01    8.1893856700545342e-01   -9.2176979349026356e-01
   2.6100000000000101e+01    7.2271766901255408e-01   -9.9809646712746725e-01
   2.6200000000000102e+01    6.1933924245022332e-01   -1.0645434637644717e+00
   2.6300000000000104e+01    5.0982659889455695e-01   -1.1204526917247868e+00
   2.6400000000000105e+01    3.9526380597673694e-01   -1.1652703712398762e+00
   2.6500000000000107e+01    2.7678495617883619e-01   -1.1985525196249562e+00
   2.6600000000000108e+01    1.5556294010272947e-01   -1.2199693495552701e+00
   2.6700000000000109e+01    3.2797835348975166e-02   -1.2293085368717118e+00
   2.6800000000000111e+01   -9.0294974049149254e-02   -1.2264773255357040e+00
   2.6900000000000112e+01   -2.1249683002086495e-01   -1.2115034488651146e+00
   2.7000000000000114e+01   -3.3259786556073340e-01   -1.1845348579017581e+00
   2.7100000000000115e+01   -4.4940898309077032e-01   -1.1458382595706611e+00
   2.7200000000000117e+01   -5.6177362748933424e-01   -1.0957964790748567e+00
   2.7300000000000118e+01   -6.6857923722427759e-01   -1.0349046726103384e+00
   2.7400000000000119e+01   -7.6876826021189792e-01   -9.6376542786871888e-01
   2.7500000000000121e+01   -8.6134862532984346e-01   -8.8308280080737611e-01
   2.7600000000000122e+01   -9.4540356589870234e-01   -7.9365534769941393e-01
   2.7700000000000124e+01   -1.0201006978602360e+00   -6.9636822142431831e-01
   2.7800000000000125e+01   -1.0847002627566340e+00   -5.9218441022624813e-01
   2.7900000000000126e+01   -1.1385624538817665e+00   -4.8213520565870571e-01
   2.8000000000000128e+01   -1.1811537530503688e+00   -3.6730999406779974e-01
   2.8100000000000129e+01   -1.2120522152245861e+00   -2.4884547266583851e-01
   2.8200000000000131e+01   -1.2309516486523908e+00   -1.2791439694623447e-01
   2.8300000000000132e+01   -1.2376646491059689e+00   -5.7139708332038242e-03
   2.8400000000000134e+01   -1.2321244581520039e+00    1.1654600550047603e-01
   2.8500000000000135e+01   -1.2143856270276017e+00    2.3765511281240659e-01
   2.8600000000000136e+01   -1.1846234795200987e+00    3.5641429639058486e-01
   2.8700000000000138e+01   -1.1431323791391699e+00    4.7164773743241312e-01
   2.8800000000000139e+01   -1.0903228177077393e+00    5.8221449466875630e-01
   2.8900000000000141e+01   -1.0267173541670229e+00    6.8701980097089832e-01
   2.9000000000000142e+01   -9.5294544377505630e-01    7.8502590309123921e-01
   2.9100000000000144e+01   -8.6973720886457118e-01    8.7526233720899926e-01
   2.9200000000000145e+01   -7.7791621280629797e-01    9.5683553853532632e-01
   2.9300000000000146e+01   -6.7839130869392783e-01    1.0289376898227889e+00
   2.9400000000000148e+01   -5.7214764342931834e-01    1.0908547211570563e+00
   2.9500000000000149e+01   -4.6023690625035873e-01    1.1419733818090623e+00
   2.9600000000000151e+01   -3.4376691822638827e-01    1.1817873141109745e+00
   2.9700000000000152e+01   -2.2389066577308891e-01    1.2099020691979325e+00
   2.9800000000000153e+01   -1.0179488674570815e-01    1.2260390149319833e+00
   2.9900000000000155e+01    2.1311677898240497e-02    1.2300380972912552e+00
   3.0000000000000156e+01    1.4421025056190451e-01    1.2218594278576007e+00
   3.0100000000000158e+01    2.6568408313038988e-01    1.2015836816573462e+00
   3.0200000000000159e+01    3.8453050329362665e-01    1.1694113013873648e+00
   3.0300000000000161e+01    4.9957282180709922e-01    1.1256605158758355e+00
   3.0400000000000162e+01    6.0967198280059931e-01    1.0707641923667715e+00
   3.0500000000000163e+01    7.1373784178620714e-01    1.0052655537634771e+00
   3.0600000000000165e+01    8.1073995969981461e-01    9.2981280320418724e-01
   3.0700000000000166e+01    8.9971780609923568e-01    8.4515270916201124e-01
   3.0800000000000168e+01    9.7979027048891876e-01    7.5212321455380871e-01
   3.0900000000000169e+01    1.0501643875886253e+00    6.5164514300685639e-01
   3.1000000000000171e+01    1.1101431901433982e+00    5.4471308437243593e-01
   3.1100000000000172e+01    1.1591326115077136e+00    4.3238554970324283e-01
   3.1200000000000173e+01    1.1966473696424129e+00    3.1577449314630646e-01
   3.1300000000000175e+01    1.2223157742457493e+00    1.9603430447326528e-01
   3.1400000000000176e+01    1.2358834093998503e+00    7.4350381213266079e-02
   3.1500000000000178e+01    1.2372156552455604e+00   -4.8072606481494251e-02
   3.1600000000000179e+01    1.2262990236918083e+00   -1.7002264206274020e-01
   3.1700000000000180e+01    1.2032412949065441e+00   -2.9029236183603740e-01
   3.1800000000000182e+01    1.1682704532086918e+00   -4.0769100843826134e-01
   3.1900000000000183e+01    1.1217324328669211e+00   -5.2105622019748365e-01
   3.2000000000000185e+01    1.0640876960936758e+00   -6.2926553965208565e-01
   3.2100000000000186e+01    9.9590667708515668e-01   -7.3124752728349507e-01
   3.2200000000000188e+01    9.1786413718536064e-01   -8.2599237042269924e-01
   3.2300000000000189e+01    8.3073248703366942e-01   -9.1256188228597823e-01
   3.2400000000000190e+01    7.3537414178409932e-01   -9.9009879213069529e-01
   3.2500000000000192e+01    6.3273298505889985e-01   -1.0578352345377515e+00
   3.2600000000000193e+01    5.2382502612490389e-01   -1.1151003537540212e+00
   3.2700000000000195e+01    4.0972834277049697e-01   -1.1613269477872794e+00
   3.2800000000000196e+01    2.9157240943516832e-01   -1.1960570864511202e+00
   3.2900000000000198e+01    1.7052691623226546e-01   -1.2189466477140418e+00
   3.3000000000000199e+01    4.7790189548506334e-02   -1.2297687274147284e+00
   3.3100000000000200e+01   -7.5422671148957024e-02   -1.2284158885585650e+00
   3.3200000000000202e+01   -1.9789182285467999e-01   -1.2149012278981919e+00
   3.3300000000000203e+01   -3.1840475582324279e-01   -1.1893582492097023e+00
   3.3400000000000205e+01   -4.3576829805995787e-01   -1.1520395444900013e+00
   3.3500000000000206e+01   -5.4882042865313796e-01   -1.1033142961029083e+00
   3.3600000000000207e+01   -6.5644178298673961e-01   -1.0436646245749683e+00
   3.3700000000000209e+01   -7.5756673591984791e-01   -9.7368081817104679e-01
   3.3800000000000210e+01   -8.5119395319498037e-01   -8.9405549145147400e-01
   3.3900000000000212e+01   -9.3639630659925099e-01   -8.0557673061715040e-01
   3.4000000000000213e+01   -1.0123300546989789e+00   -7.0912029348162087e-01
   3.4100000000000215e+01   -1.0782431982370373e+00   -6.0564094127033741e-01
   3.4200000000000216e+01   -1.1334829274511766e+00   -4.9616298804445469e-01
   3.4300000000000217e+01   -1.1775020875598683e+00   -3.8177016129441299e-01
   3.4400000000000219e+01   -1.2098645983809391e+00   -2.6359487407052856e-01
   3.4500000000000220e+01   -1.2302497744011869e+00   -1.4280701484626673e-01
   3.4600000000000222e+01   -1.2384555024998205e+00   -2.0602366087094634e-02
   3.4700000000000223e+01   -1.2344002458371859e+00    1.0180923382352570e-01
   3.4800000000000225e+01   -1.2181238540408892e+00    2.2321586810578561e-01
   3.4900000000000226e+01   -1.1897871716390567e+00    3.4241553997415747e-01
   3.5000000000000227e+01   -1.1496704485880873e+00    4.5822807310883834e-01
   3.5100000000000229e+01   -1.0981705686020755e+00    5.6950679638638646e-01
   3.5200000000000230e+01   -1.0357971226956799e+00    6.7514989718097151e-01
   3.5300000000000232e+01   -9.6316736678571147e-01    7.7411133082611727e-01
   3.5400000000000233e+01   -8.8100011324591188e-01    8.6541117821825475e-01
   3.5500000000000234e+01   -7.9010861686487810e-01    9.4814534900437930e-01
   3.5600000000000236e+01   -6.9139252561436138e-01    1.0214945342725710e+00
   3.5700000000000237e+01   -5.8582897589562055e-01    1.0847323200920074e+00
   3.5800000000000239e+01   -4.7446292040344723e-01    1.1372323815548446e+00
   3.5900000000000240e+01   -3.5839678434701050e-01    1.1784746860737711e+00
   3.6000000000000242e+01   -2.3877955241852786e-01    1.2080506444960497e+00
   3.6100000000000243e+01   -1.1679539453908019e-01    1.2256671590103820e+00
   3.6200000000000244e+01    6.3480570201919911e-03    1.2311495277438684e+00
   3.6300000000000246e+01    1.2943166308901313e-01    1.2244431772645550e+00
   3.6400000000000247e+01    2.5123684726313511e-01    1.2056142058085517e+00
   3.6500000000000249e+01    3.7055766029220494e-01    1.1748487318245620e+00
   3.6600000000000250e+01    4.8621271974813823e-01    1.1324510542563542e+00
   3.6700000000000252e+01    5.9705690676365730e-01    1.0788406427481101e+00
   3.6800000000000253e+01    7.0199270403286940e-01    1.0145479875422412e+00
   3.6900000000000254e+01    7.9998106281457926e-01    9.4020935012947138e-01
   3.7000000000000256e+01    8.9005169133934803e-01    8.5656046659496421e-01
   3.7100000000000257e+01    9.7131266274701078e-01    7.6442926597424421e-01
   3.7200000000000259e+01    1.0429592474157905e+00    6.6472767568596858e-01
   3.7300000000000260e+01    1.1042818822206482e+00    5.5844259514864780e-01
   3.7400000000000261e+01    1.1546731978011073e+00    4.4662612692569259e-01
   3.7500000000000263e+01    1.1936340342429348e+00    3.3038516209609614e-01
   3.7600000000000264e+01    1.2207783855914527e+00    2.1087042294383337e-01
   3.7700000000000266e+01    1.2358372242177855e+00    8.9265071434324841e-02
   3.7800000000000267e+01    1.2386611671480305e+00   -3.3227003752166376e-02
   3.7900000000000269e+01    1.2292219579294370e+00   -1.5539310567517770e-01
   3.8000000000000270e+01    1.2076127493336637e+00   -2.7602373508446487e-01
   3.8100000000000271e+01    1.1740471840690077e+00   -3.9392456500481043e-01
   3.8200000000000273e+01    1.1288572825735939e+00   -5.0792826540147185e-01
   3.8300000000000274e+01    1.0724901587720983e+00   -6.1690606085388755e-01
   3.8400000000000276e+01    1.0055035962826930e+00   -7.1977890680572354e-01
   3.8500000000000277e+01    9.2856052884367668e-01   -8.1552817373279562e-01
   3.8600000000000279e+01    8.4242247957896699e-01   -9.0320573343950461e-01
   3.8700000000000280e+01    7.4794202403085563e-01   -9.8194334761099911e-01
   3.8800000000000281e+01    6.4605435155509139e-01   -1.0509612656537832e+00
   3.8900000000000283e+01    5.3776800860173402e-01   -1.1095759466835657e+00
   3.9000000000000284e+01    4.2415491550690210e-01   -1.1572068291883495e+00
   3.9100000000000286e+01    3.0633975561529403e-01   -1.1933820813212790e+00
   3.9200000000000287e+01    1.8548884176993780e-01   -1.2177432748682810e+00
   3.9300000000000288e+01    6.2798570382449737e-02   -1.2300489365901806e+00
   3.9400000000000290e+01   -6.0516422617116858e-02   -1.2301769417522690e+00
   3.9500000000000291e+01   -1.8323528669746045e-01   -1.2181257261162299e+00
   3.9600000000000293e+01   -3.0414304346337140e-01   -1.1940143043664269e+00
   3.9700000000000294e+01   -4.2204261555139194e-01   -1.1580810947590230e+00
   3.9800000000000296e+01   -5.3576667859170146e-01   -1.1106815616012475e+00
   3.9900000000000297e+01   -6.4418921889294034e-01   -1.0522846988723442e+00
   4.0000000000000298e+01   -7.4623668241728147e-01   -9.8346838977144579e-01
   4.0100000000000300e+01   -8.4089860465664956e-01   -9.0491368810722372e-01
   4.0200000000000301e+01   -9.2723761615757738e-01   -8.1739807811945953e-01
   4.0300000000000303e+01   -1.0043987246209372e+00   -7.2178777943798322e-01
   4.0400000000000304e+01   -1.0716177816625574e+00   -6.1902917333955465e-01
   4.0500000000000306e+01   -1.1282290503906631e+00   -5.1013943516460980e-01
   4.0600000000000307e+01   -1.1736717988562950e+00   -3.9619646561718508e-01
   4.0700000000000308e+01   -1.2074958540752612e+00   -2.7832822061491969e-01
   4.0800000000000310e+01   -1.2293660616093296e+00   -1.5770154531305042e-01
   4.0900000000000311e+01   -1.2390656065284078e+00   -3.5510622837757175e-02
   4.1000000000000313e+01   -1.2364981628471463e+00    8.7034847918561239e-02
   4.1100000000000314e+01   -1.2216888501271510e+00    2.0872162840232358e-01
   4.1200000000000315e+01   -1.1947839877449908e+00    3.2834495183983037e-01
   4.1300000000000317e+01   -1.1560496492295231e+00    4.4472045109734060e-01
   4.1400000000000318e+01   -1.1058690309518937e+00    5.5669588486772970e-01
   4.1500000000000320e+01   -1.0447386611902802e+00    6.6316254608506187e-01
   4.1600000000000321e+01   -9.7326348707281651e-01    7.6306623961164588e-01
   4.1700000000000323e+01   -8.9215088801248632e-01    8.5541772050375497e-01
   4.1800000000000324e+01   -8.0220367487710520e-01    9.3930248950002060e-01
   4.1900000000000325e+01   -7.0431214418055998e-01    1.0138898487377324e+00
   4.2000000000000327e+01   -5.9944526593882319e-01    1.0784411280239374e+00
   4.2100000000000328e+01   -4.8864109241322351e-01    1.1323170001978735e+00
   4.2200000000000330e+01   -3.7299648267909968e-01    1.1749838131376265e+00
   4.2300000000000331e+01   -2.5365624473386761e-01    1.2060188756977408e+00
   4.2400000000000333e+01   -1.3180180262759766e-01    1.2251146452194621e+00
   4.2500000000000334e+01   -8.6395008042763760e-03    1.2320817751288700e+00
   4.2600000000000335e+01    1.1461133856358213e-01    1.2268509924227140e+00
   4.2700000000000337e+01    2.3673048701602656e-01    1.2094737864255913e+00
   4.2800000000000338e+01    3.5650889051370055e-01    1.1801219019705189e+00
   4.2900000000000340e+01    4.7276063980939581e-01    1.1390856419914555e+00
   4.3000000000000341e+01    5.8433471196916253e-01    1.0867709963037258e+00
   4.3100000000000342e+01    6.9012636679183137e-01    1.0236956249699034e+00
   4.3200000000000344e+01    7.8908808528960361e-01    9.5048373598944080e-01
   4.3300000000000345e+01    8.8023994192338761e-01    8.6785990799792367e-01
   4.3400000000000347e+01    9.6267930788996225e-01    7.7664191910787617e-01
   4.3500000000000348e+01    1.0355897893783892e+00    6.7773265286410878e-01
   4.3600000000000350e+01    1.0982493122848496e+00    5.7211116142525609e-01
   4.3700000000000351e+01    1.1500372733233126e+00    4.6082297442888642e-01
   4.3800000000000352e+01    1.1904406867105308e+00    3.4496974946774622e-01
   4.3900000000000354e+01    1.2190592655463288e+00    2.2569836662534243e-01
   4.4000000000000355e+01    1.2356093875555954e+00    1.0418957502559104e-01
   4.4100000000000357e+01    1.2399269059024050e+00   -1.8353696210875931e-02
   4.4200000000000358e+01    1.2319687772199712e+00   -1.4071824688590814e-01
   4.4300000000000360e+01    1.2118134907094682e+00   -2.6169261662102988e-01
   4.4400000000000361e+01    1.1796602940302419e+00   -3.8007907882262232e-01
   4.4500000000000362e+01    1.1358272236160583e+00   -4.9470549896982291e-01
   4.4600000000000364e+01    1.0807479588888598e+00   -6.0443693982023183e-01
   4.4700000000000365e+01    1.0149675314858433e+00   -7.0818689863126338e-01
   4.4800000000000367e+01    9.3913693195223980e-01   -8.0492806513536408e-01
   4.4900000000000368e+01    8.5400666726872321e-01   -8.9370249374932886e-01
   4.5000000000000369e+01    7.6041933297081732e-01   -9.7363108929465381e-01
   4.5100000000000371e+01    6.5930127337514199e-01   -1.0439223122999146e+00
   4.5200000000000372e+01    5.5165341245722410e-01   -1.1038800176803067e+00
   4.5300000000000374e+01    4.3854134613847967e-01   -1.1529103491672767e+00
   4.5400000000000375e+01    3.2108479405452017e-01   -1.1905276212077249e+00
   4.5500000000000377e+01    2.0044651522070644e-01   -1.2163591300750256e+00
   4.5600000000000378e+01    7.7820797321044022e-02   -1.2301488465339121e+00
   4.5700000000000379e+01   -4.5578366429518513e-02   -1.2317599534731540e+00
   4.5800000000000381e+01   -1.6852929580340498e-01   -1.2211762033543243e+00
   4.5900000000000382e+01   -2.8981471847616019e-01   -1.1985020820086163e+00
   4.6000000000000384e+01   -4.0823382159718657e-01   -1.1639617771309521e+00
   4.6100000000000385e+01   -5.2261414069923484e-01   -1.1178969616545413e+00
   4.6200000000000387e+01   -6.3182316823791618e-01   -1.0607634139224347e+00
   4.6300000000000388e+01   -7.3477956682540080e-01   -9.9312650808930913e-01
   4.6400000000000389e+01   -8.3046387613334793e-01   -9.1565561937268747e-01
   4.6500000000000391e+01   -9.1792860745027016e-01   -8.2911749951729563e-01
   4.6600000000000392e+01   -9.9630762593841027e-01   -7.3436868803289057e-01
   4.6700000000000394e+01   -1.0648247276848155e+00   -6.3234703431370676e-01
   4.6800000000000395e+01   -1.1228013266108785e+00   -5.2406241455211333e-01
   4.6900000000000396e+01   -1.1696631751152853e+00   -4.1058673533296464e-01
   4.7000000000000398e+01   -1.2049460518898625e+00   -2.9304332285950485e-01
   4.7100000000000399e+01   -1.2283003605715808e+00   -1.7259580284658180e-01
   4.7200000000000401e+01   -1.2394945936757364e+00   -5.0436581162076041e-02
   4.7300000000000402e+01   -1.2384176274883734e+00    7.2224960747118011e-02
   4.7400000000000404e+01   -1.2250798251691239e+00    1.9417443878170051e-01
   4.7500000000000405e+01   -1.1996129371142688e+00    3.1420448893669917e-01
   4.7600000000000406e+01   -1.1622687995371286e+00    4.3112672083973491e-01
   4.7700000000000408e+01   -1.1134168441210408e+00    5.4378348373451513e-01
   4.7800000000000409e+01   -1.0535404433713196e+00    6.5105932841722813e-01
   4.7900000000000411e+01   -9.8323212782022917e-01    7.5189205164085537e-01
   4.8000000000000412e+01   -9.0318772240896728e-01    8.4528321363337866e-01
   4.8100000000000414e+01   -8.1419946007237387e-01    9.3030802458956663e-01
   4.8200000000000415e+01   -7.1714814067957977e-01    1.0061245022408909e+00
   4.8300000000000416e+01   -6.1299441293681489e-01    1.0719818098223406e+00
   4.8400000000000418e+01   -5.0276926554349877e-01    1.1272276918670778e+00
   4.8500000000000419e+01   -3.8756382172353721e-01    1.1713149341897142e+00
   4.8600000000000421e+01   -2.6851853815289495e-01    1.2038067840781019e+00
   4.8700000000000422e+01   -1.4681191520368575e-01    1.2243812770063043e+00
   4.8800000000000423e+01   -2.3648830265779519e-02    1.2328344270059632e+00
   4.8900000000000425e+01    9.9751390358669242e-02    1.2290822490824562e+00
   4.9000000000000426e+01    2.2216704290132377e-01    1.2131615936246649e+00
   4.9100000000000428e+01    3.4238614140594353e-01    1.1852297845184117e+00
   4.9200000000000429e+01    4.5921841709152217e-01    1.1455630645172088e+00
   4.9300000000000431e+01    5.7150710299964513e-01    1.0945538632326641e+00
   4.9400000000000432e+01    6.7814038724829928e-01    1.0327069147637762e+00
   4.9500000000000433e+01    7.7806242149244476e-01    9.6063426337403057e-01
   4.9600000000000435e+01    8.7028377559251813e-01    8.7904920663489572e-01
   4.9700000000000436e+01    9.5389123497213180e-01    7.8875923597501552e-01
   4.9800000000000438e+01    1.0280568436513409e+00    6.9065804450192314e-01
   4.9900000000000439e+01    1.0920461034075828e+00    5.8571668119916620e-01
   5.0000000000000441e+01    1.1452252478688727e+00    4.7497393905487184e-01
   5.0100000000000442e+01    1.1870675195003835e+00    3.5952607226428901e-01
   5.0200000000000443e+01    1.2171583873155194e+00    2.4051594429359008e-01
   5.0300000000000445e+01    1.2351996536283143e+00    1.1912171422938762e-01
   5.0400000000000446e+01    1.2410124091616364e+00   -3.4548265878094203e-03
   5.0500000000000448e+01    1.2345388072264152e+00   -1.2600015218292204e-01
   5.0600000000000449e+01    1.2158426393780388e+00   -2.4730101603312354e-01
   5.0700000000000450e+01    1.1851087068214776e+00   -3.6615646268092711e-01
   5.0800000000000452e+01    1.1426409937591004e+00   -4.8138971795389784e-01
   5.0900000000000453e+01    1.0888596607365282e+00   -5.9185984007029024e-01
   5.1000000000000455e+01    1.0242968877247822e+00   -6.9647301627436264e-01
   5.1100000000000456e+01    9.4959160806576093e-01   -7.9419339315169935e-01
   5.1200000000000458e+01    8.6548318538996227e-01   -8.8405333338889081e-01
   5.1300000000000459e+01    7.7280409608161760e-01   -9.6516299741772915e-01
   5.1400000000000460e+01    6.7247168971339366e-01   -1.0367191550655011e+00
   5.1500000000000462e+01    5.6547910900303877e-01   -1.0980131399538824e+00
   5.1600000000000463e+01    4.5288545916739353e-01   -1.1484378678739302e+00
   5.1700000000000465e+01    3.3580532398263191e-01   -1.1874938496297405e+00
   5.1800000000000466e+01    2.1539773232983161e-01   -1.2147941387967935e+00
   5.1900000000000468e+01    9.2854684447907565e-02   -1.2300681653843091e+00
   5.2000000000000469e+01   -3.0610648522327116e-02   -1.2331644174197167e+00
   5.2100000000000470e+01   -1.5377593488189556e-01   -1.2240519438784332e+00
   5.2200000000000472e+01   -2.7542178370329207e-01   -1.2028206640506254e+00
   5.2300000000000473e+01   -3.9434381734042773e-01   -1.1696804802530063e+00
   5.2400000000000475e+01   -5.0936459559570135e-01   -1.1249592026409763e+00
   5.2500000000000476e+01   -6.1934527348674739e-01   -1.0690993066373036e+00
   5.2600000000000477e+01   -7.2319687719000014e-01   -1.0026535550515774e+00
   5.2700000000000479e+01   -8.1989108651559373e-01   -9.2627952820544823e-01
   5.2800000000000480e+01   -9.0847041715092458e-01   -8.4073311619088964e-01
   5.2900000000000482e+01   -9.8805770185012232e-01   -7.4686103766531375e-01
   5.3000000000000483e+01   -1.0578647766849179e+00   -6.4559245922660435e-01
   5.3100000000000485e+01   -1.1172002863403081e+00   -5.3792979831754084e-01
   5.3200000000000486e+01   -1.1654765311581137e+00   -4.2493880069447998e-01
   5.3300000000000487e+01   -1.2022152881167030e+00   -3.0773799067947533e-01
   5.3400000000000489e+01   -1.2270525480919303e+00   -1.8748759862709446e-01
   5.3500000000000490e+01   -1.2397421224721619e+00   -6.5378075215514822e-02
   5.3600000000000492e+01   -1.2401580833929458e+00    5.7381693735250081e-02
   5.3700000000000493e+01   -1.2282960134036265e+00    1.7957635524747276e-01
   5.3800000000000495e+01   -1.2042730521646920e+00    2.9999612148900290e-01
   5.3900000000000496e+01   -1.1683267396842025e+00    4.1744874727287518e-01
   5.4000000000000497e+01   -1.1208126675163543e+00    5.3077133417005351e-01
   5.4100000000000499e+01   -1.0622009611471532e+00    6.3884184436583691e-01
   5.4200000000000500e+01   -9.9307162836442486e-01    7.4059021026125127e-01
   5.4300000000000502e+01   -9.1410881963743618e-01    8.3500892982025188e-01
   5.4400000000000503e+01   -8.2609405730404128e-01    9.2116304275219263e-01
   5.4500000000000504e+01   -7.2989850057385464e-01    9.9819938874642944e-01
   5.4600000000000506e+01   -6.2647432290337801e-01    1.0653550560814735e+00
   5.4700000000000507e+01   -5.1684528708873378e-01    1.1219649369444809e+00
   5.4800000000000509e+01   -4.0209661136664154e-01    1.1674683146387324e+00
   5.4900000000000510e+01   -2.8336422683583984e-01    1.2014144174396157e+00
   5.5000000000000512e+01   -1.6182353253976287e-01    1.2234668840886065e+00
   5.5100000000000513e+01   -3.8677759527220870e-02    1.2334070966886039e+00
   5.5200000000000514e+01    8.4853940918184961e-02    1.2311363479760640e+00
   5.5300000000000516e+01    2.0754856695553736e-01    1.2166768214846782e+00
   5.5400000000000517e+01    3.2819137428037876e-01    1.1901713748676579e+00
   5.5500000000000519e+01    4.4558790276094806e-01    1.1518821284946312e+00
   5.5600000000000520e+01    5.5857580254657768e-01    1.1021878732674535e+00
   5.5700000000000522e+01    6.6603634256034805e-01    1.0415803232897587e+00
   5.5800000000000523e+01    7.6690548742976095e-01    9.7065925046209389e-01
   5.5900000000000524e+01    8.6018443317904214e-01    8.9012654914474887e-01
   5.6000000000000526e+01    9.4494949736247891e-01    8.0077928962430989e-01
   5.6100000000000527e+01    1.0203612657069341e+00    7.0350182913262660e-01
   5.6200000000000529e+01    1.0856729046901359e+00    5.9925705849915289e-01
   5.6300000000000530e+01    1.1402375577366912e+00    4.8907687107708625e-01
   5.6400000000000531e+01    1.1835147517842961e+00    3.7405194828563193e-01
   5.6500000000000533e+01    1.2150757507685483e+00    2.5532096287878037e-01
   5.6600000000000534e+01    1.2346078029991312e+00    1.3405930681818312e-01
   5.6700000000000536e+01    1.2419172403497398e+00    1.1467455336920729e-02
   5.6800000000000537e+01    1.2369313985505850e+00   -1.1124091761447330e-01
   5.6900000000000539e+01    1.2196993395430948e+00   -2.3285095488414881e-01
   5.7000000000000540e+01    1.1903913687160161e+00   -3.5215864364220695e-01
   5.7100000000000541e+01    1.1492973517730758e+00   -4.6798273583429550e-01
   5.7200000000000543e+01    1.0968238478665908e+00   -5.7917644354585474e-01
   5.7300000000000544e+01    1.0334900873512400e+00   -6.8463879348292989e-01
   5.7400000000000546e+01    9.5992283395160660e-01   -7.8332552814751966e-01
   5.7500000000000547e+01    8.7685018218280164e-01   -8.7425944577058790e-01
   5.7600000000000549e+01    7.8509435140612416e-01   -9.5654007661974627e-01
   5.7700000000000550e+01    6.8556354783690610e-01   -1.0293525998662667e+00
   5.7800000000000551e+01    5.7924297505106082e-01   -1.0919759127124999e+00
   5.7900000000000553e+01    4.6718508196900871e-01   -1.1437897718715684e+00
   5.8000000000000554e+01    3.5049914484708888e-01   -1.1842809366733258e+00
   5.8100000000000556e+01    2.3034028640250137e-01   -1.2130482529531315e+00
   5.8200000000000557e+01    1.0789804077293265e-01   -1.2298066273651600e+00
   5.8300000000000558e+01   -1.5615422488920089e-02   -1.2343898527459656e+00
   5.8400000000000560e+01   -1.3897729880726636e-01   -1.2267522565281002e+00
   5.8500000000000561e+01   -2.6096625455856609e-01   -1.2069691558551587e+00
   5.8600000000000563e+01   -3.8037451877907180e-01   -1.1752361148633419e+00
   5.8700000000000564e+01   -4.9601984089167495e-01   -1.1318670114535256e+00
   5.8800000000000566e+01   -6.0675719606270440e-01   -1.0772909326645064e+00
   5.8900000000000567e+01   -7.1149012229499742e-01   -1.0120479293558564e+00
   5.9000000000000568e+01   -8.0918157700669036e-01   -9.3678367220284320e-01
   5.9100000000000570e+01   -8.9886420559971558e-01   -8.5224306188432486e-01
   5.9200000000000571e+01   -9.7964992034089671e-01   -7.5926285669971216e-01
   5.9300000000000573e+01   -1.0507386947042245e+00   -6.5876339058046196e-01
   5.9400000000000574e+01   -1.1114264860878214e+00   -5.5173946346878644e-01
   5.9500000000000576e+01   -1.1611122084463983e+00   -4.3925049423214435e-01
   5.9600000000000577e+01   -1.1993036857843045e+00   -3.2241003358545972e-01
   5.9700000000000578e+01   -1.2256225275424475e+00   -2.0237474083155679e-01
   5.9800000000000580e+01   -1.2398078775845986e+00   -8.0332933541238438e-02
   5.9900000000000581e+01   -1.2417189996392097e+00    4.2507176474843159e-02
   6.0000000000000583e+01   -1.2313366735715070e+00    1.6492944444177871e-01
   6.0100000000000584e+01   -1.2087633886332330e+00    2.8572183272704721e-01
   6.0200000000000585e+01   -1.1742223317474574e+00    4.0368841057845917e-01
   6.0300000000000587e+01   -1.1280551808154424e+00    5.1766119469040162e-01
   6.0400000000000588e+01   -1.0707187248635357e+00    6.2651171336835354e-01
   6.0500000000000590e+01   -1.0027803444633241e+00    7.2916217979526343e-01
   6.0600000000000591e+01   -9.2491239714283791e-01    8.2459616377063227e-01
   6.0700000000000593e+01   -8.3788556334868336e-01    9.1186865625575964e-01
   6.0800000000000594e+01   -7.4256121881129156e-01    9.9011542706748468e-01
   6.0900000000000595e+01   -6.3988290880605292e-01    1.0585615830584285e+00
   6.1000000000000597e+01   -5.3086700869652581e-01    1.1165292420349717e+00
   6.1100000000000598e+01   -4.1659266320408517e-01    1.1634442464166719e+00
   6.1200000000000600e+01   -2.9819110399151622e-01    1.1988418501459017e+00
   6.1300000000000601e+01   -1.7683445130541592e-01    1.2223713225200834e+00
   6.1400000000000603e+01   -5.3724110532861413e-02    1.2337994233404022e+00
   6.1500000000000604e+01    6.9921121458990085e-02    1.2330127149441727e+00
   6.1600000000000605e+01    1.9287712245564287e-01    1.2200186882024886e+00
   6.1700000000000607e+01    3.1392656404520580e-01    1.1949456913064254e+00
   6.1800000000000608e+01    4.3187096380259310e-01    1.1580416620176497e+00
   6.1900000000000610e+01    5.4554255118510087e-01    1.1096716759054623e+00
   6.2000000000000611e+01    6.5381582965789509e-01    1.0503143348148005e+00
   6.2100000000000612e+01    7.5561872057252444e-01    9.8055703129247129e-01
   6.2200000000000614e+01    8.4994317845958445e-01    9.0109013582820652e-01
   6.2300000000000615e+01    9.3585517262717166e-01    8.1270016443281823e-01
   6.2400000000000617e+01    1.0125039362280206e+00    7.1626199417218950e-01
   6.2500000000000618e+01    1.0791303912081456e+00    6.1273020370308795e-01
   6.2600000000000620e+01    1.1350746657066686e+00    5.0312962452148557e-01
   6.2700000000000621e+01    1.1797826294595577e+00    3.8854519645040786e-01
   6.2800000000000622e+01    1.2128113824803273e+00    2.7011122778490981e-01
   6.2900000000000624e+01    1.2338336426521304e+00    1.4900016640835079e-01
   6.3000000000000625e+01    1.2426409887655492e+00    2.6410993038301966e-02
   6.3100000000000627e+01    1.2391459268668550e+00   -9.6442648495806818e-02
   6.3200000000000628e+01    1.2233827594304059e+00   -2.1834446643490513e-01
   6.3300000000000630e+01    1.1955072487208480e+00   -3.3808756278099644e-01
   6.3400000000000631e+01    1.1557950776485648e+00   -4.5448638227965488e-01
   6.3500000000000632e+01    1.1046391233271706e+00   -5.6638845039253027e-01
   6.3600000000000634e+01    1.0425455702969280e+00   -6.7268578404428336e-01
   6.3700000000000635e+01    9.7012890186637335e-01   -7.7232586216519727e-01
   6.3800000000000637e+01    8.8810581913243747e-01   -8.6432204740614860e-01
   6.3900000000000638e+01    7.9728814785694668e-01   -9.4776335583357652e-01
   6.4000000000000639e+01    6.9857480339947142e-01   -1.0218234778648223e+00
   6.4100000000000634e+01    5.9294289323380256e-01   -1.0857689611148575e+00
   6.4200000000000628e+01    4.8143804511552829e-01   -1.1389664741206427e+00
   6.4300000000000622e+01    3.6516405663668350e-01   -1.1808890790070445e+00
   6.4400000000000617e+01    2.4527196862430711e-01   -1.2111214509683466e+00
   6.4500000000000611e+01    1.2294867054640563e-01   -1.2293639928648015e+00
   6.4600000000000605e+01   -5.9484927523269227e-04   -1.2354358041711981e+00
   6.4700000000000600e+01   -1.2413549232663142e-01   -1.2292764748557787e+00
   6.4800000000000594e+01   -2.4645015875110038e-01   -1.2109466864007628e+00
   6.4900000000000588e+01   -3.6632785650726374e-01   -1.1806276139850571e+00
   6.5000000000000583e+01   -4.8258169095033659e-01   -1.1386191357185416e+00
   6.5100000000000577e+01   -5.9406061613227801e-01   -1.0853368666281082e+00
   6.5200000000000571e+01   -6.9966083147262770e-01   -1.0213080467314748e+00
   6.5300000000000566e+01   -7.9833671095996339e-01   -9.4716632388047806e-01
   6.5400000000000560e+01   -8.8911115666929086e-01   -8.6364548299875032e-01
   6.5500000000000554e+01   -9.7108527407753298e-01   -7.7157218377104331e-01
   6.5600000000000549e+01   -1.0434472733712425e+00   -6.7185777865968466e-01
   6.5700000000000543e+01   -1.1054805086013038e+00   -5.6548929223051925e-01
   6.5800000000000537e+01   -1.1565705750728825e+00   -4.5351965107602016e-01
   6.5900000000000531e+01   -1.1962113946807746e+00   -3.3705726104480888e-01
   6.6000000000000526e+01   -1.2240102289183219e+00   -2.1725503495109633e-01
   6.6100000000000520e+01   -1.2396915699030329e+00   -9.5298979380534332e-02
   6.6200000000000514e+01   -1.2430998708689052e+00    2.7603546423270287e-02
   6.6300000000000509e+01   -1.2342010890642274e+00    1.5023578335804527e-01
   6.6400000000000503e+01   -1.2130830257506238e+00    2.7138361861580634e-01
   6.6500000000000497e+01   -1.1799544599078866e+00    3.8984760593021311e-01
   6.6600000000000492e+01   -1.1351430841918402e+00    5.0445484091263260e-01
   6.6700000000000486e+01   -1.0790922635508375e+00    6.1407057390299213e-01
   6.6800000000000480e+01   -1.0123566485631244e+00    7.1760944535733984e-01
   6.6900000000000475e+01   -9.3559668689678566e-01    8.1404623252825947e-01
   6.7000000000000469e+01   -8.4957208720406341e-01    9.0242600102996151e-01
   6.7100000000000463e+01   -7.5513430013445360e-01    9.8187356076914889e-01
   6.7200000000000458e+01   -6.5321809088347482e-01    1.0516021326073495e+00
   6.7300000000000452e+01   -5.4483228668995731e-01    1.1109211399321863e+00
   6.7400000000000446e+01   -4.3104979086506368e-01    1.1592430479767013e+00
   6.7500000000000441e+01   -3.1299696220010187e-01    1.1960891831516260e+00
   6.7600000000000435e+01   -1.9184246488559514e-01    1.2210944747521053e+00
   6.7700000000000429e+01   -6.8785699318779536e-02    1.2340110720678807e+00
   6.7800000000000423e+01    5.4955071671244679e-02    1.2347108010587322e+00
   6.7900000000000418e+01    1.7815478363320530e-01    1.2231864362448521e+00
   6.8000000000000412e+01    2.9959369893610976e-01    1.1995517751910596e+00
   6.8100000000000406e+01    4.1806948276986922e-01    1.1640405148182360e+00
   6.8200000000000401e+01    5.3240910714577527e-01    1.1170039406377112e+00
   6.8300000000000395e+01    6.4148046503846057e-01    1.0589074517571255e+00
   6.8400000000000389e+01    7.4420357967781325e-01    9.9032595603315043e-01
   6.8500000000000384e+01    8.3956129800467927e-01    9.1193818093327783e-01
   6.8600000000000378e+01    9.2660936240845992e-01    8.2451995640488718e-01
   6.8700000000000372e+01    1.0044857610173756e+00    7.2893653622870036e-01
   6.8800000000000367e+01    1.0724192639523418e+00    6.2613403385472699e-01
   6.8900000000000361e+01    1.1297370610124178e+00    5.1713005748761909e-01
   6.9000000000000355e+01    1.1758714251539004e+00    4.0300363711815884e-01
   6.9100000000000350e+01    1.2103653357683064e+00    2.8488454320987011e-01
   6.9200000000000344e+01    1.2328770060612695e+00    1.6394210277502183e-01
   6.9300000000000338e+01    1.2431832696828411e+00    4.1373623552907801e-02
   6.9400000000000333e+01    1.2411817930524380e+00   -8.1607459114073855e-02
   6.9500000000000327e+01    1.2268920914469377e+00   -2.0378359536282736e-01
   6.9600000000000321e+01    1.2004553387630899e+00   -3.2394517492022534e-01
   6.9700000000000315e+01    1.1621329728082552e+00   -4.4090250290271205e-01
   6.9800000000000310e+01    1.1123041098982569e+00   -5.5349757873792171e-01
   6.9900000000000304e+01    1.0514617943297870e+00   -6.6061556158766566e-01
   7.0000000000000298e+01    9.8020811983061995e-01   -7.6119580875255555e-01
   7.0100000000000293e+01    8.9924827125964080e-01   -8.5424237776340750e-01
   7.0200000000000287e+01    8.0938354551981995e-01   -9.3883388817161395e-01
   7.0300000000000281e+01    7.1150342075488171e-01   -1.0141326453873600e+00
   7.0400000000000276e+01    6.0657675232445807e-01   -1.0793929362181893e+00
   7.0500000000000270e+01    4.9564218269966098e-01   -1.1339684139587074e+00
   7.0600000000000264e+01    3.7979786020561934e-01   -1.1773184998939978e+00
   7.0700000000000259e+01    2.6019056838252419e-01   -1.2090137378154282e+00
   7.0800000000000253e+01    1.3800437357430845e-01   -1.2287400485115536e+00
   7.0900000000000247e+01    1.4448903126443147e-02   -1.2363018420862022e+00
   7.1000000000000242e+01   -1.0925262976581546e-01   -1.2316239572627481e+00
   7.1100000000000236e+01   -2.3187553600630667e-01   -1.2147524084461128e+00
   7.1200000000000230e+01   -3.5220577545411880e-01   -1.1858539331172231e+00
   7.1300000000000225e+01   -4.6905197664664866e-01   -1.1452143440116416e+00
   7.1400000000000219e+01   -5.8125723238713167e-01   -1.0932357023672892e+00
   7.1500000000000213e+01   -6.8771055441033291e-01   -1.0304323401984463e+00
   7.1600000000000207e+01   -7.8735787371249932e-01   -9.5742577094898196e-01
   7.1700000000000202e+01   -8.7921247762700516e-01   -8.7493853888418949e-01
   7.1800000000000196e+01   -9.6236478030090200e-01   -7.8378706808873633e-01
   7.1900000000000190e+01   -1.0359913298246497e+00   -6.8487358184399705e-01
   7.2000000000000185e+01   -1.0993629628223753e+00   -5.7917717236336896e-01
   7.2100000000000179e+01   -1.1518520257482954e+00   -4.6774410927790083e-01
   7.2200000000000173e+01   -1.1929385913729404e+00   -3.5167748280338490e-01
   7.2300000000000168e+01   -1.2222156088890794e+00   -2.3212628410931019e-01
   7.2400000000000162e+01   -1.2393929366233161e+00   -1.1027403098449291e-01
   7.2500000000000156e+01   -1.2443002174007194e+00    1.2672948601427203e-02
   7.2600000000000151e+01   -1.2368885680670518e+00    1.3549745905172841e-01
   7.2700000000000145e+01   -1.2172310664127639e+00    2.5698348758123302e-01
   7.2800000000000139e+01   -1.1855220306486944e+00    3.7592824323848145e-01
   7.2900000000000134e+01   -1.1420750985375030e+00    4.9115406532023492e-01
   7.3000000000000128e+01   -1.0873201251689013e+00    6.0152008327724737e-01
   7.3100000000000122e+01   -1.0217989300630925e+00    7.0593351266770510e-01
   7.3200000000000117e+01   -9.4615993567967049e-01    8.0336047531518306e-01
   7.3300000000000111e+01   -8.6115175038576597e-01    8.9283623653580091e-01
   7.3400000000000105e+01   -7.6761575938878090e-01    9.7347475806788542e-01
   7.3500000000000099e+01   -6.6647779696213050e-01    1.0444774721097823e+00
   7.3600000000000094e+01   -5.5873898238975328e-01    1.1051411895804841e+00
   7.3700000000000088e+01   -4.4546581033666427e-01    1.1548650642871476e+00
   7.3800000000000082e+01   -3.2777959373650706e-01    1.1931565440285468e+00
   7.3900000000000077e+01   -2.0684536369978151e-01    1.2196362496915512e+00
   7.4000000000000071e+01   -8.3860336324676876e-02    1.2340417340095646e+00
   7.4100000000000065e+01    3.9957939417050836e-02    1.2362300827424504e+00
   7.4200000000000060e+01    1.6338363538645451e-01    1.2261793324970403e+00
   7.4300000000000054e+01    2.8519478024462019e-01    1.2039886911224036e+00
   7.4400000000000048e+01    4.0418535753201262e-01    1.1698775584686825e+00
   7.4500000000000043e+01    5.1917724608338778e-01    1.1241833571751025e+00
   7.4600000000000037e+01    6.2903188455973824e-01    1.0673581949341764e+00
   7.4700000000000031e+01    7.3266154460719990e-01    9.9996439124847170e-01
   7.4800000000000026e+01    8.2904010102477677e-01    9.2266891293907971e-01
   7.4900000000000020e+01    9.1721319229982434e-01    8.3623677346977954e-01
   7.5000000000000014e+01    9.9630767090322581e-01    7.4152346141085512e-01
   7.5100000000000009e+01    1.0655402497653912e+00    6.3946647298000570e-01
   7.5200000000000003e+01    1.1242252593100504e+00    5.3107603246960045e-01
   7.5299999999999997e+01    1.1717814382265375e+00    4.1742509241180498e-01
   7.5399999999999991e+01    1.2077376907257553e+00    2.9963871246622265e-01
   7.5499999999999986e+01    1.2317377532555738e+00    1.7888292216798882e-01
   7.5599999999999980e+01    1.2435437244467966e+00    5.6353177786802808e-02
   7.5699999999999974e+01    1.2430384233141587e+00   -6.6737472431474071e-02
   7.5799999999999969e+01    1.2302265523366860e+00   -1.8917039747911377e-01
   7.5899999999999963e+01    1.2052346538733361e+00   -3.0973344836513300e-01
   7.5999999999999957e+01    1.1683098603159963e+00   -4.2723295901363667e-01
   7.6099999999999952e+01    1.1198174503243923e+00   -5.4050556446683518e-01
   7.6199999999999946e+01    1.0602372353080070e+00   -6.4842971938353489e-01
   7.6299999999999940e+01    9.9015881190170252e-01   -7.4993680278823782e-01
   7.6399999999999935e+01    9.1027572740970808e-01   -8.4402169911948166e-01
   7.6499999999999929e+01    8.2137861595581074e-01   -9.2975275080821240e-01
   7.6599999999999923e+01    7.2434737326939969e-01   -1.0062809838365174e+00
   7.6699999999999918e+01    6.2014244755654369e-01   -1.0728485149224185e+00
   7.6799999999999912e+01    5.0979533265826760e-01   -1.1287960570764159e+00
   7.6899999999999906e+01    3.9439835759795949e-01   -1.1735694491999031e+00
   7.6999999999999901e+01    2.7509387358815046e-01   -1.2067251450561285e+00
   7.7099999999999895e+01    1.5306294553475930e-01   -1.2279346072454072e+00
   7.7199999999999889e+01    2.9513659985167945e-02   -1.2369875626558422e+00
   7.7299999999999883e+01   -9.4330834733423047e-02   -1.2337940871315829e+00
   7.7399999999999878e+01   -2.1724443778466768e-01   -1.2183854986910543e+00
   7.7499999999999872e+01   -3.3801023461999241e-01   -1.1909140504229041e+00
   7.7599999999999866e+01   -4.5543254512372933e-01   -1.1516514260708453e+00
   7.7699999999999861e+01   -5.6834876182299288e-01   -1.1009860531724880e+00
   7.7799999999999855e+01   -6.7564086095435971e-01   -1.0394192603242836e+00
   7.7899999999999849e+01   -7.7624647241539546e-01   -9.6756031658894970e-01
   7.7999999999999844e+01   -8.6916939899350321e-01   -8.8612040212988896e-01
   7.8099999999999838e+01   -9.5348948071426221e-01   -7.9590556973957316e-01
   7.8199999999999832e+01   -1.0283717066324525e+00   -6.9780876692085858e-01
   7.8299999999999827e+01   -1.0930744838371873e+00   -5.9280099748278237e-01
   7.8399999999999821e+01   -1.1469569817842775e+00   -4.8192171013345175e-01
   7.8499999999999815e+01   -1.1894854792215719e+00   -3.6626850920779752e-01
   7.8599999999999810e+01   -1.2202386508459555e+00   -2.4698628938140699e-01
   7.8699999999999804e+01   -1.2389117413262190e+00   -1.2525590192689501e-01
   7.8799999999999798e+01   -1.2453195853402397e+00   -2.2824647098026035e-03
   7.8899999999999793e+01   -1.2393984436988099e+00    1.2071656834913649e-01
   7.8999999999999787e+01   -1.2212066373489114e+00    2.4252346023432295e-01
   7.9099999999999781e+01   -1.1909239729502503e+00    3.6193224689226433e-01
   7.9199999999999775e+01   -1.1488499656825955e+00    4.7776067702567704e-01
   7.9299999999999770e+01   -1.0954008768494872e+00    5.8886191741333738e-01
   7.9399999999999764e+01   -1.0311055955782706e+00    6.9413590786280566e-01
   7.9499999999999758e+01   -9.5660040536102453e-01    7.9254025336908918e-01
   7.9599999999999753e+01   -8.7262268722244285e-01    8.8310054563140739e-01
   7.9699999999999747e+01   -7.8000362182979766e-01    9.6492001172716790e-01
   7.9799999999999741e+01   -6.7965996277248530e-01    1.0371883944011699e+00
   7.9899999999999736e+01   -5.7258496243619783e-01    1.0991899760330277e+00
   7.9999999999999730e+01   -4.5983854028838511e-01    1.1503106668215755e+00
   8.0099999999999724e+01   -3.4253679089428352e-01    1.1900440869876914e+00
   8.0199999999999719e+01   -2.2184093552207840e-01    1.2179965827548656e+00
   8.0299999999999713e+01   -9.8945826706983819e-02    1.2338911264213825e+00
   8.0399999999999707e+01    2.4931880427433536e-02    1.2375700618846954e+00
   8.0499999999999702e+01    1.4856577299035242e-01    1.2289966684080955e+00
   8.0599999999999696e+01    2.7073182204413559e-01    1.2082555271189692e+00
   8.0699999999999690e+01    3.9022050101877859e-01    1.1755516865809770e+00
   8.0799999999999685e+01    5.0584876084284558e-01    1.1312086356720255e+00
   8.0899999999999679e+01    6.1647174322900611e-01    1.0756651038082377e+00
   8.0999999999999673e+01    7.2099411614176501e-01    1.0094707201643360e+00
   8.1099999999999667e+01    8.1838091921269052e-01    9.3328057483800386e-01
   8.1199999999999662e+01    9.0766781171741862e-01    8.4784873577800846e-01
   8.1299999999999656e+01    9.8797062164095883e-01    7.5402078563552433e-01
   8.1399999999999650e+01    1.0584941012748481e+00    6.5272545240279500e-01
   8.1499999999999645e+01    1.1185398026430324e+00    5.4496541667692600e-01
   8.1599999999999639e+01    1.1675129947652738e+00    4.3180738654034945e-01
   8.1699999999999633e+01    1.2049285542511579e+00    3.1437153830259473e-01
   8.1799999999999628e+01    1.2304157708805250e+00    1.9382042762861212e-01
   8.1899999999999622e+01    1.2437220205667783e+00    7.1347480824821369e-02
   8.1999999999999616e+01    1.2447152693117016e+00   -5.1834819786666639e-02
   8.2099999999999611e+01    1.2333853833331738e+00   -1.7450693944378373e-01
   8.2199999999999605e+01    1.2098442323658962e+00   -2.9545436463479458e-01
   8.2299999999999599e+01    1.1743245850829940e+00   -4.1347962737068389e-01
   8.2399999999999594e+01    1.1271778075447858e+00   -5.2741416099352390e-01
   8.2499999999999588e+01    1.0688703874317773e+00   -6.3612987013966094e-01
   8.2599999999999582e+01    9.9997931844467314e-01   -7.3855030030367363e-01
   8.2699999999999577e+01    9.2118639053982598e-01   -8.3366129641037001e-01
   8.2799999999999571e+01    8.3327144250230334e-01   -9.2052104485840880e-01
   8.2899999999999565e+01    7.3710464363338613e-01   -9.9826939960042549e-01
   8.2999999999999559e+01    6.3363788094308193e-01   -1.0661363999104319e+00
   8.3099999999999554e+01    5.2389533709594183e-01   -1.1234498954896128e+00
   8.3199999999999548e+01    4.0896335237240078e-01   -1.1696422033972804e+00
   8.3299999999999542e+01    2.8997967099865785e-01   -1.2042557308772031e+00
   8.3399999999999537e+01    1.6812217829554615e-01   -1.2269475083859589e+00
   8.3499999999999531e+01    4.4597240140526864e-02   -1.2374925879180172e+00
   8.3599999999999525e+01   -7.9372239823088789e-02   -1.2357862729551565e+00
   8.3699999999999520e+01   -2.0255892699835804e-01   -1.2218451579343756e+00
   8.3799999999999514e+01   -3.2374320681027774e-01   -1.1958069669141378e+00
   8.3899999999999508e+01   -4.4172525954646236e-01   -1.1579291930069326e+00
   8.3999999999999503e+01   -5.5533693951551522e-01   -1.1085865520190559e+00
   8.4099999999999497e+01   -6.6345334091009323e-01   -1.0482672754786335e+00
   8.4199999999999491e+01   -7.6500393586054249e-01   -9.7756827972403926e-01
   8.4299999999999486e+01   -8.5898317439766703e-01   -8.9718925885317480e-01
   8.4399999999999480e+01   -9.4446044136780882e-01   -8.0792575998944427e-01
   8.4499999999999474e+01   -1.0205892717072791e+00   -7.1066130939713157e-01
   8.4599999999999469e+01   -1.0866157328233017e+00   -6.0635866737751765e-01
   8.4699999999999463e+01   -1.1418858910723719e+00   -4.9605029850437821e-01
   8.4799999999999457e+01   -1.1858522883926943e+00   -3.8082815152805616e-01
   8.4899999999999451e+01   -1.2180793649454167e+00   -2.6183285011414814e-01
   8.4999999999999446e+01   -1.2382477740527311e+00   -1.4024240141827513e-01
   8.5099999999999440e+01   -1.2461575466862862e+00   -1.7260534274623943e-02
   8.5199999999999434e+01   -1.2417300741482118e+00    1.0589521755436179e-01
   8.5299999999999429e+01   -1.2250088892866318e+00    2.2800556909295575e-01
   8.5399999999999423e+01   -1.1961592384820388e+00    3.4786155549872250e-01
   8.5499999999999417e+01   -1.1554664486125421e+00    4.6427650153015598e-01
   8.5599999999999412e+01   -1.1033331051362778e+00    5.7609777063057477e-01
   8.5699999999999406e+01   -1.0402750692000573e+00    6.8221817730245982e-01
   8.5799999999999400e+01   -9.6691637317810142e-01    7.8158694977713794e-01
   8.5899999999999395e+01   -8.8398304514963422e-01    8.7322013443420776e-01
   8.5999999999999389e+01   -7.9229592342926458e-01    9.5621033894934948e-01
   8.6099999999999383e+01   -6.9276253226443596e-01    1.0297357176934918e+00
   8.6199999999999378e+01   -5.8636809911076493e-01    1.0930681104059570e+00
   8.6299999999999372e+01   -4.7416580239676026e-01    1.1455802535449515e+00
   8.6399999999999366e+01   -3.5726634631002990e-01    1.1867519928976507e+00
   8.6499999999999361e+01   -2.3682696580218590e-01    1.2161754359183006e+00
   8.6599999999999355e+01   -1.1403997065322465e-01    1.2335589927583599e+00
   8.6699999999999349e+01    9.8790579976969772e-03    1.2387302659538315e+00
   8.6799999999999343e+01    1.3370330180468751e-01    1.2316377601326989e+00
   8.6899999999999338e+01    2.5620685091364581e-01    1.2123513947869327e+00
   8.6999999999999332e+01    3.7617684096252746e-01    1.1810618150032430e+00
   8.7099999999999326e+01    4.9242546122217878e-01    1.1380785069472978e+00
   8.7199999999999321e+01    6.0380171498939350e-01    1.0838267367296897e+00
   8.7299999999999315e+01    7.0920281579374489e-01    1.0188433429313659e+00
   8.7399999999999309e+01    8.0758510658249194e-01    9.4377142441618056e-01
   8.7499999999999304e+01    8.9797439376780563e-01    8.5935397599632657e-01
   8.7599999999999298e+01    9.7947559381101290e-01    7.6642653493434820e-01
   8.7699999999999292e+01    1.0512815968222089e+00    6.6590891106006678e-01
   8.7799999999999287e+01    1.1126812594031075e+00    5.5879608235509082e-01
   8.7899999999999281e+01    1.1630664475796839e+00    4.4614834612177046e-01
   8.7999999999999275e+01    1.2019380600737124e+00    3.2908082322565158e-01
   8.8099999999999270e+01    1.2289109722556335e+00    2.0875241930768346e-01
   8.8199999999999264e+01    1.2437178518054035e+00    8.6354352241175741e-02
   8.8299999999999258e+01    1.2462118082773059e+00   -3.6901640594492857e-02
   8.8399999999999253e+01    1.2363678503085833e+00   -1.5979529847870400e-01
   8.8499999999999247e+01    1.2142831360158892e+00   -2.8110991819129183e-01
   8.8599999999999241e+01    1.1801760140711135e+00   -3.9964439992819245e-01
   8.8699999999999235e+01    1.1343838649208111e+00   -5.1422513903101019e-01
   8.8799999999999230e+01    1.0773597634927312e+00   -6.2371764579405442e-01
   8.8899999999999224e+01    1.0096679964011988e+00   -7.2703777830166549e-01
   8.8999999999999218e+01    9.3197847800480305e-01   -8.2316247707699430e-01
   8.9099999999999213e+01    8.4506012057271596e-01   -9.1113989525294248e-01
   8.9199999999999207e+01    7.4977322417203363e-01   -9.9009882395794491e-01
   8.9299999999999201e+01    6.4706096159527760e-01   -1.0592573195844706e+00
   8.9399999999999196e+01    5.3794004260847306e-01   -1.1179304475075120e+00
   8.9499999999999190e+01    4.2349064992732122e-01   -1.1655370655657327e+00
   8.9599999999999184e+01    3.0484574654140684e-01   -1.2016055801227914e+00
   8.9699999999999179e+01    1.8317986023270622e-01   -1.2257786176965744e+00
   8.9799999999999173e+01    5.9697456313219682e-02   -1.2378165658789708e+00
   8.9899999999999167e+01   -6.4378986313952072e-02   -1.2375999484621540e+00
   8.9999999999999162e+01   -1.8782107772574919e-01   -1.2251306112282820e+00
   9.0099999999999156e+01   -3.0940667836676761e-01   -1.2005317066338419e+00
   9.0199999999999150e+01   -4.2793199885237670e-01   -1.1640464775109820e+00
   9.0299999999999145e+01   -5.4222351839314187e-01   -1.1160358517983719e+00
   9.0399999999999139e+01   -6.5114960383915377e-01   -1.0569748720856849e+00
   9.0499999999999133e+01   -7.5363171430396458e-01   -9.8744799529217087e-01
   9.0599999999999127e+01   -8.4865508042794868e-01   -9.0814330898675855e-01
   9.0699999999999122e+01   -9.3527875253947135e-01   -8.1984572158391766e-01
   9.0799999999999116e+01   -1.0126449182178232e+00   -7.2342919380993809e-01
   9.0899999999999110e+01   -1.0799873969926574e+00   -6.1984808832771243e-01
   9.0999999999999105e+01   -1.1366392280590789e+00   -5.1012772314055532e-01
   9.1099999999999099e+01   -1.1820392758649787e+00   -3.9535422228057260e-01
   9.1199999999999093e+01   -1.2157377881488147e+00   -2.7666376424652583e-01
   9.1299999999999088e+01   -1.2374008513755885e+00   -1.5523133462109956e-01
   9.1399999999999082e+01   -1.2468136994336059e+00   -3.2259094208887423e-02
   9.1499999999999076e+01   -1.2438828428066915e+00    9.1035522154378976e-02
   9.1599999999999071e+01   -1.2286369971134741e+00    2.1343185830156952e-01
   9.1699999999999065e+01   -1.2012268017915708e+00    3.3371812162020309e-01
   9.1799999999999059e+01   -1.1619233316823037e+00    4.5070338048057806e-01
   9.1899999999999054e+01   -1.1111154162223986e+00    5.6322935542470931e-01
   9.1999999999999048e+01   -1.0493057927546214e+00    6.7018188737374618e-01
   9.2099999999999042e+01   -9.7710613201262453e-01    7.7050196930634107e-01
   9.2199999999999037e+01   -8.9523098500211207e-01    8.6319623217947317e-01
   9.2299999999999031e+01   -8.0449071118022430e-01    9.4734678126377947e-01
   9.2399999999999025e+01   -7.0578345792203834e-01    1.0221202854940579e+00
   9.2499999999999019e+01   -6.0008627065741349e-01    1.0867762298286687e+00
   9.2599999999999014e+01   -4.8844542167004035e-01    1.1406742488959010e+00
   9.2699999999999008e+01   -3.7196605328824361e-01    1.1832804692989862e+00
   9.2799999999999002e+01   -2.5180123798720766e-01    1.2141727977643348e+00
   9.2899999999998997e+01   -1.2914056369759336e-01    1.2330451027525913e+00
   9.2999999999998991e+01   -5.1983573187955046e-03    1.2397102481059732e+00
   9.3099999999998985e+01    1.1879833698024204e-01    1.2341019486696301e+00
   9.3199999999998980e+01    2.4162190565919664e-01    1.2162754294869307e+00
   9.3299999999998974e+01    3.6205631963774459e-01    1.1864068820132219e+00
   9.3399999999998968e+01    4.7890917373269559e-01    1.1447917227024169e+00
   9.3499999999998963e+01    5.9102349250304520e-01    1.0918416711778713e+00
   9.3599999999998957e+01    6.9728918561485231e-01    1.0280806768859942e+00
   9.3699999999998951e+01    7.9665403930488554e-01    9.5413973453220835e-01
   9.3799999999998946e+01    8.8813413511201889e-01    8.7075063960133781e-01
   9.3899999999998940e+01    9.7082359271296959e-01    7.7873874575932334e-01
   9.3999999999998934e+01    1.0439035403880852e+00    6.7901479581643087e-01
   9.4099999999998929e+01    1.1066502242872920e+00    5.7256590710596200e-01
   9.4199999999998923e+01    1.1584421761903576e+00    4.6044580050605982e-01
   9.4299999999998917e+01    1.1987663687749357e+00    3.4376436982260117e-01
   9.4399999999998911e+01    1.2272232974281851e+00    2.2367669478420449e-01
   9.4499999999998906e+01    1.2435309382639053e+00    1.0137160641135251e-01
   9.4599999999998900e+01    1.2475275431318933e+00   -2.1940082044050041e-02
   9.4699999999998894e+01    1.2391732439195029e+00   -1.4503756207862234e-01
   9.4799999999998889e+01    1.2185504502331661e+00   -2.6670211616656825e-01
   9.4899999999998883e+01    1.1858630364932579e+00   -3.8572918358196523e-01
   9.4999999999998877e+01    1.1414343264608577e+00   -5.0094028635751164e-01
   9.5099999999998872e+01    1.0857038951210429e+00   -6.1119469730475262e-01
   9.5199999999998866e+01    1.0192232195564599e+00   -7.1540073457161601e-01
   9.5299999999998860e+01    9.4265022184112846e-01   -8.1252657090769742e-01
   9.5399999999998855e+01    8.5674275795490717e-01   -9.0161045060958511e-01
   9.5499999999998849e+01    7.6235111715516735e-01   -9.8177021298010159e-01
   9.5599999999998843e+01    6.6040960604064503e-01   -1.0522120279986502e+00
   9.5699999999998838e+01    5.5192730060615125e-01   -1.1122382576969669e+00
   9.5799999999998832e+01    4.3797805782606136e-01   -1.1612543653883227e+00
   9.5899999999998826e+01    3.1968988563768397e-01   -1.1987748043229369e+00
   9.5999999999998820e+01    1.9823377655011137e-01   -1.2244278274447680e+00
   9.6099999999998815e+01    7.4812115417030103e-02   -1.2379591706049347e+00
   9.6199999999998809e+01   -4.9353223869392671e-02   -1.2392345727390734e+00
   9.6299999999998803e+01   -1.7303297492383296e-01   -1.2282411080295468e+00
   9.6399999999998798e+01   -2.9500264889661376e-01   -1.2050873168346192e+00
   9.6499999999998792e+01   -4.1405465749982417e-01   -1.1700021340590603e+00
   9.6599999999998786e+01   -5.2901026900699610e-01   -1.1233326255463940e+00
   9.6699999999998781e+01   -6.3873127885327896e-01   -1.0655405548743149e+00
   9.6799999999998775e+01   -7.4213127928573297e-01   -9.9719781451479572e-01
   9.6899999999998769e+01   -8.3818641648009962e-01   -9.1898076656446270e-01
   9.6999999999998764e+01   -9.2594552861196711e-01   -8.3166354904759277e-01
   9.7099999999998758e+01   -1.0045395644964406e+00   -7.3611041403667787e-01
   9.7199999999998752e+01   -1.0731901895306248e+00   -6.3326717342249628e-01
   9.7299999999998747e+01   -1.1312174937169723e+00   -5.2415183700209145e-01
   9.7399999999998741e+01   -1.1780467254332070e+00   -4.0984453555148692e-01
   9.7499999999998735e+01   -1.2132139842581664e+00   -2.9147682863115015e-01
   9.7599999999998730e+01   -1.2363708164670146e+00   -1.7022050296603303e-01
   9.7699999999998724e+01   -1.2472876676719038e+00   -4.7275972288104387e-02
   9.7799999999998718e+01   -1.2458561583977503e+00    7.6139606522331496e-02
   9.7899999999998712e+01   -1.2320901600353491e+00    1.9880438334868605e-01
   9.7999999999998707e+01   -1.2061256604902260e+00    3.1950391150880131e-01
   9.8099999999998701e+01   -1.1682194208278451e+00    4.3704317142378557e-01
   9.8199999999998695e+01   -1.1187464361854187e+00    5.5025840224425293e-01
   9.8299999999998690e+01   -1.0581962260591098e+00    6.5802862429164277e-01
   9.8399999999998684e+01   -9.8716799066566563e-01    7.5928673823048831e-01
   9.8499999999998678e+01   -9.0636468130470971e-01    8.5303009107524730e-01
   9.8599999999998673e+01   -8.1658604340090235e-01    9.3833040441117088e-01
   9.8699999999998667e+01   -7.1872070107747166e-01    1.0143429665204615e+00
   9.8799999999998661e+01   -6.1373736160350489e-01    1.0803149973901947e+00
   9.8899999999998656e+01   -5.0267522677288734e-01    1.1355931037650440e+00
   9.8999999999998650e+01   -3.8663370612657844e-01    1.1796297504147426e+00
   9.9099999999998644e+01   -2.6676153384425111e-01    1.2119886835242555e+00
   9.9199999999998639e+01   -1.4424539703770262e-01    1.2323492524874708e+00
   9.9299999999998633e+01   -2.0298188018383345e-02    1.2405095872901313e+00
   9.9399999999998627e+01    1.0385300316306456e-01    1.2363885999967881e+00
   9.9499999999998622e+01    2.2697903703312416e-01    1.2200267904976196e+00
   9.9599999999998616e+01    3.4786089359801659e-01    1.1915858485087512e+00
   9.9699999999998610e+01    4.6530174135630470e-01    1.1513470557370749e+00
   9.9799999999998604e+01    5.7813878693119469e-01    1.0997085039994965e+00
   9.9899999999998599e+01    6.8525478800127815e-01    1.0371811568094222e+00
   9.9999999999998593e+01    7.8558911553907007e-01    9.6438379339409108e-01
