   0.0000000000000000e+00    1.2241692972444205e+00   -1.8392325028796183e-01
   1.0000000000000001e-01    1.1968860483240114e+00   -3.5976987075783062e-01
   2.0000000000000001e-01    1.1527220911237457e+00   -5.2050535902841621e-01
   3.0000000000000004e-01    1.0934655195360563e+00   -6.6094288613577779e-01
   4.0000000000000002e-01    1.0213116175402976e+00   -7.7815879789226872e-01
   5.0000000000000000e-01    9.3863348513426836e-01   -8.7148861918405773e-01
   5.9999999999999998e-01    8.4777093532797365e-01   -9.4218581678563917e-01
   6.9999999999999996e-01    7.5086449946895462e-01   -9.9288609306740827e-01
   7.9999999999999993e-01    6.4974654284124256e-01   -1.0270226210668481e+00
   8.9999999999999991e-01    5.4588859037224369e-01   -1.0483003997932121e+00
   9.9999999999999989e-01    4.4039567965343501e-01   -1.0602868183432379e+00
   1.0999999999999999e+00    3.3403519162613310e-01   -1.0661307626768866e+00
   1.2000000000000000e+00    2.2728797066346157e-01   -1.0683934991473838e+00
   1.3000000000000000e+00    1.2041199532528432e-01   -1.0689614844440856e+00
   1.4000000000000001e+00    1.3511984778628222e-02   -1.0690100302709136e+00
   1.5000000000000002e+00   -9.3388812591029088e-02   -1.0689924700949356e+00
   1.6000000000000003e+00   -2.0027629649561479e-01   -1.0686383956369419e+00
   1.7000000000000004e+00   -3.0707315919824996e-01   -1.0669545470334416e+00
   1.8000000000000005e+00   -4.1356686871385406e-01   -1.0622321877268333e+00
   1.9000000000000006e+00   -5.1933925451544494e-01   -1.0520749175656188e+00
   2.0000000000000004e+00   -6.2370083377347885e-01   -1.0334702141632572e+00
   2.1000000000000005e+00   -7.2563571882799660e-01   -1.0029348084331147e+00
   2.2000000000000006e+00   -8.2376607311920746e-01   -9.5676497127737092e-01
   2.3000000000000007e+00   -9.1634781926100484e-01   -8.9141317659158625e-01
   2.4000000000000008e+00   -1.0013103467341109e+00   -8.0398777701151558e-01
   2.5000000000000009e+00   -1.0763506885131509e+00   -6.9283107242771491e-01
   2.6000000000000010e+00   -1.1390856452203346e+00   -5.5808016539872929e-01
   2.7000000000000011e+00   -1.1872534498487544e+00   -4.0207186022923402e-01
   2.8000000000000012e+00   -1.2189418197446573e+00   -2.2944310187638695e-01
   2.9000000000000012e+00   -1.2328061607729328e+00   -4.6823756960047647e-02
   3.0000000000000013e+00   -1.2282360514226975e+00    1.3788033755773713e-01
   3.1000000000000014e+00   -1.2054342401703089e+00    3.1648990867502291e-01
   3.2000000000000015e+00   -1.1653901688222705e+00    4.8161813711620305e-01
   3.3000000000000016e+00   -1.1097541217545523e+00    6.2755498304133162e-01
   3.4000000000000017e+00   -1.0406400183202014e+00    7.5078918789941906e-01
   3.5000000000000018e+00   -9.6039722343117884e-01    8.5010627436550479e-01
   3.6000000000000019e+00   -8.7139173009803905e-01    9.2632041611471427e-01
   3.7000000000000020e+00   -7.7582704488910370e-01    9.8177338696787664e-01
   3.8000000000000020e+00   -6.7562051065630369e-01    1.0197500824957906e+00
   3.9000000000000021e+00   -5.7233705213162156e-01    1.0439305170679798e+00
   4.0000000000000018e+00   -4.6717276882925718e-01    1.0579483187139014e+00
   4.1000000000000014e+00   -3.6097626300366931e-01    1.0650780736158361e+00
   4.2000000000000011e+00   -2.5429516153513376e-01    1.0680404996961208e+00
   4.3000000000000007e+00   -1.4743736200332339e-01    1.0688975868166168e+00
   4.4000000000000004e+00   -4.0539594675590235e-02    1.0690061030585736e+00
   4.5000000000000000e+00    6.6361118210613232e-02    1.0690022477539207e+00
   4.5999999999999996e+00    1.7325520023604882e-01    1.0687986035867596e+00
   4.6999999999999993e+00    2.8008815170202872e-01    1.0675843985071809e+00
   4.7999999999999989e+00    3.8668838113790022e-01    1.0638303165692580e+00
   4.8999999999999986e+00    4.9269618012164673e-01    1.0553092869443872e+00
   4.9999999999999982e+00    5.9749641814856391e-01    1.0391543250458843e+00
   5.0999999999999979e+00    7.0016005297878137e-01    1.0119821996174549e+00
   5.1999999999999975e+00    7.9940262947338037e-01    9.7011455344692021e-01
   5.2999999999999972e+00    8.9357087898739818e-01    9.0992165398911085e-01
   5.3999999999999968e+00    9.8067015031318872e-01    8.2829329243964034e-01
   5.4999999999999964e+00    1.0584441198332690e+00    7.2320400377922878e-01
   5.5999999999999961e+00    1.1245125135618084e+00    5.9429003594643848e-01
   5.6999999999999957e+00    1.1765618349859264e+00    4.4330814517900996e-01
   5.7999999999999954e+00    1.2125697329972420e+00    2.7432561140883893e-01
   5.8999999999999950e+00    1.2310296072563709e+00    9.3521066310981726e-02
   5.9999999999999947e+00    1.2311340086296338e+00   -9.1435633756094675e-02
   6.0999999999999943e+00    1.2128783245515131e+00   -2.7233186432903700e-01
   6.1999999999999940e+00    1.1770613778060066e+00   -4.4148590472673355e-01
   6.2999999999999936e+00    1.1251828023850394e+00   -5.9269809536803619e-01
   6.3999999999999932e+00    1.0592603427824958e+00   -7.2187541975558933e-01
   6.4999999999999929e+00    9.8160548122653624e-01   -8.2723545880536242e-01
   6.5999999999999925e+00    8.9459886628278229e-01   -9.0912020990764031e-01
   6.6999999999999922e+00    8.0049907645144691e-01   -9.6953949118724891e-01
   6.7999999999999918e+00    7.0130425190282208e-01   -1.0115945135845419e+00
   6.8999999999999915e+00    5.9867174718126992e-01   -1.0389119741388770e+00
   6.9999999999999911e+00    4.9389016693924370e-01   -1.0551718274059056e+00
   7.0999999999999908e+00    3.8789237576479291e-01   -1.0637620718982519e+00
   7.1999999999999904e+00    2.8129674711467845e-01   -1.0675563620307196e+00
   7.2999999999999901e+00    1.7446551132678345e-01   -1.0687894155537792e+00
   7.3999999999999897e+00    6.7571994025538124e-02   -1.0689986007290555e+00
   7.4999999999999893e+00   -3.9328383161871067e-02   -1.0690028633580899e+00
   7.5999999999999890e+00   -1.4622594030725064e-01   -1.0688978181466293e+00
   7.6999999999999886e+00   -2.5308437106775539e-01   -1.0680554616160203e+00
   7.7999999999999883e+00   -3.5976847771974746e-01   -1.0651271513852623e+00
   7.8999999999999879e+00   -4.6597269520620388e-01   -1.0580587261245096e+00
   7.9999999999999876e+00   -5.7115247714454043e-01   -1.0441365071344100e+00
   8.0999999999999872e+00   -6.7446293145262248e-01   -1.0200913217963021e+00
   8.1999999999999869e+00   -7.7471207794402375e-01   -9.8229213575325569e-01
   8.2999999999999865e+00   -8.7033916608751527e-01   -9.2705726251470866e-01
   8.3999999999999861e+00   -9.5943058190998587e-01   -8.5109445131377504e-01
   8.4999999999999858e+00   -1.0397854823098358e+00   -7.5204797177170146e-01
   8.5999999999999854e+00   -1.1090388123908350e+00   -6.2908325914803909e-01
   8.6999999999999851e+00   -1.1648398559699076e+00   -4.8338971878533715e-01
   8.7999999999999847e+00   -1.2050707525289384e+00   -3.1845231921425998e-01
   8.8999999999999844e+00   -1.2280747972824189e+00   -1.3995825432316092e-01
   8.9999999999999840e+00   -1.2328542332331054e+00    4.4720353740533902e-02
   9.0999999999999837e+00   -1.2191970906571157e+00    2.2740748550657766e-01
   9.1999999999999833e+00   -1.1877048567634430e+00    4.0018836367936544e-01
   9.2999999999999829e+00   -1.1397146051169291e+00    5.5641405002192734e-01
   9.3999999999999826e+00   -1.0771333249421853e+00    6.9142253864928005e-01
   9.4999999999999822e+00   -1.0022200755683774e+00    8.0285082816684694e-01
   9.5999999999999819e+00   -9.1735783542510185e-01    8.9053867279152810e-01
   9.6999999999999815e+00   -8.2485139163519960e-01    9.5612634557017695e-01
   9.7999999999999812e+00   -7.2677458819850271e-01    1.0024947329215774e+00
   9.8999999999999808e+00   -6.2487549651178576e-01    1.0331868457079376e+00
   9.9999999999999805e+00   -5.2053613958455125e-01    1.0519069257420190e+00
   1.0099999999999980e+01   -4.1477635330049017e-01    1.0621423132782597e+00
   1.0199999999999980e+01   -3.0828904265741286e-01    1.0669118194587470e+00
   1.0299999999999979e+01   -2.0149510580533975e-01    1.0686193294322563e+00
   1.0399999999999979e+01   -9.4609023661824443e-02    1.0689816006315451e+00
   1.0499999999999979e+01    1.2290759824281433e-02    1.0690000996709754e+00
   1.0599999999999978e+01    1.1918983140706967e-01    1.0689534921991541e+00
   1.0699999999999978e+01    2.2606545605181150e-01    1.0683967198947324e+00
   1.0799999999999978e+01    3.3281425427244132e-01    1.0661627168702796e+00
   1.0899999999999977e+01    4.3918040318959023e-01    1.0603730647896501e+00
   1.0999999999999977e+01    5.4468599056073064e-01    1.0484739075956073e+00
   1.1099999999999977e+01    6.4856724606992444e-01    1.0273223881545797e+00
   1.1199999999999976e+01    7.4972322906111677e-01    9.9335464247899574e-01
   1.1299999999999976e+01    8.4668667702635125e-01    9.4286527201074000e-01
   1.1399999999999975e+01    9.3762918388018790e-01    8.7241529411332186e-01
   1.1499999999999975e+01    1.0204132720905232e+00    7.7935666643363133e-01
   1.1599999999999975e+01    1.0927006073505836e+00    6.6241687471113331e-01
   1.1699999999999974e+01    1.1521173800085103e+00    5.2223596255325111e-01
   1.1799999999999974e+01    1.1964650168623436e+00    3.6171084662057595e-01
   1.1899999999999974e+01    1.2239495472652062e+00    1.8600380898517929e-01
   1.1999999999999973e+01    1.2333911362644210e+00    2.1318902470141010e-03
   1.2099999999999973e+01    1.2243722254430887e+00   -1.8183492647211727e-01
   1.2199999999999973e+01    1.1972918581913303e+00   -3.5781420513146006e-01
   1.2299999999999972e+01    1.1533137349913005e+00   -5.1875443331297855e-01
   1.2399999999999972e+01    1.0942199166251885e+00   -6.5944446450693273e-01
   1.2499999999999972e+01    1.0222022474221077e+00   -7.7693390987031175e-01
   1.2599999999999971e+01    9.3963298783597227e-01   -8.7053368350284965e-01
   1.2699999999999971e+01    8.4885332775143452e-01   -9.4147791270060832e-01
   1.2799999999999971e+01    7.5200678079520122e-01   -9.9238962619794702e-01
   1.2899999999999970e+01    6.5092962887369354e-01   -1.0266958688671903e+00
   1.2999999999999970e+01    5.4709764203250844e-01   -1.0481009728602846e+00
   1.3099999999999969e+01    4.4161995760711231e-01   -1.0601756532411859e+00
   1.3199999999999969e+01    3.3526758417006114e-01   -1.0660746968072841e+00
   1.3299999999999969e+01    2.2852432337396517e-01   -1.0683667186503565e+00
   1.3399999999999968e+01    1.2165033695811768e-01   -1.0689462114285351e+00
   1.3499999999999968e+01    1.4751708247830703e-02   -1.0689967830412819e+00
   1.3599999999999968e+01   -9.2147784561505186e-02   -1.0689801412777289e+00
   1.3699999999999967e+01   -1.9903435048066093e-01   -1.0686342817513639e+00
   1.3799999999999967e+01   -3.0583183185530100e-01   -1.0669743450849198e+00
   1.3899999999999967e+01   -4.1232968175789081e-01   -1.0622998553701946e+00
   1.3999999999999966e+01   -5.1811252020295950e-01   -1.0522221775936507e+00
   1.4099999999999966e+01   -6.2249438005899327e-01   -1.0337353840588854e+00
   1.4199999999999966e+01   -7.2446344810978736e-01   -1.0033605803678525e+00
   1.4299999999999965e+01   -8.2264623189473740e-01   -9.5739480575266145e-01
   1.4399999999999965e+01   -9.1530283036986115e-01   -8.9228616372219993e-01
   1.4499999999999964e+01   -1.0003660589654395e+00   -8.0513220662497087e-01
   1.4599999999999964e+01   -1.0755349495295909e+00   -6.9425751612150288e-01
   1.4699999999999964e+01   -1.1384262146759689e+00   -5.5977547237008229e-01
   1.4799999999999963e+01   -1.1867754315173769e+00   -4.0399583902480457e-01
   1.4899999999999963e+01   -1.2186649658309725e+00   -2.3152949332455922e-01
   1.4999999999999963e+01   -1.2327425241329242e+00   -4.8986230762298549e-02
   1.5099999999999962e+01   -1.2283884665715670e+00    1.3573784510235234e-01
   1.5199999999999962e+01   -1.2057959714939379e+00    3.1446062843733347e-01
   1.5299999999999962e+01   -1.1659458061594257e+00    4.7978057426369108e-01
   1.5399999999999961e+01   -1.1104815168908990e+00    6.2596435337862155e-01
   1.5499999999999961e+01   -1.0415128425498852e+00    7.4947368439770612e-01
   1.5599999999999961e+01   -9.6138765127997772e-01    8.4906816303679333e-01
   1.5699999999999960e+01   -8.7247281927684794e-01    9.2554075129697266e-01
   1.5799999999999960e+01   -7.7697453670563210e-01    9.8121859084615304e-01
   1.5899999999999959e+01   -6.7681394960620078e-01    1.0193787453068544e+00
   1.5999999999999959e+01   -5.7356026424159889e-01    1.0436992842938544e+00
   1.6099999999999959e+01   -4.6841382126743003e-01    1.0578163351820840e+00
   1.6199999999999960e+01   -3.6222705463685351e-01    1.0650099426857349e+00
   1.6299999999999962e+01   -2.5555078197479036e-01    1.0680080093977955e+00
   1.6399999999999963e+01   -1.4869532451709278e-01    1.0688805686267624e+00
   1.6499999999999964e+01   -4.1799011530829003e-02    1.0689927779956487e+00
   1.6599999999999966e+01    6.5100381269047949e-02    1.0689893346603774e+00
   1.6699999999999967e+01    1.7199337582641266e-01    1.0687913549545167e+00
   1.6799999999999969e+01    2.7882642504218774e-01    1.0675966102250629e+00
   1.6899999999999970e+01    3.8542974134706226e-01    1.0638842369980575e+00
   1.6999999999999972e+01    4.9144624979511087e-01    1.0554352315309108e+00
   1.7099999999999973e+01    5.9626421747468550e-01    1.0393896950190287e+00
   1.7199999999999974e+01    6.9895862047969204e-01    1.0123695317147448e+00
   1.7299999999999976e+01    7.9824938368023102e-01    9.7069823652897469e-01
   1.7399999999999977e+01    8.9248757498067000e-01    9.1074309744577264e-01
   1.7499999999999979e+01    9.7968227891841353e-01    8.2938467270281202e-01
   1.7599999999999980e+01    1.0575796352752640e+00    7.2458124918225275e-01
   1.7699999999999982e+01    1.1237998725309422e+00    5.9594632987190743e-01
   1.7799999999999983e+01    1.1760274839318039e+00    4.4520969274819272e-01
   1.7899999999999984e+01    1.2122353598160738e+00    2.7641140900412198e-01
   1.7999999999999986e+01    1.2309096181945072e+00    9.5707707807074216e-02
   1.8099999999999987e+01    1.2312337315663993e+00   -8.9244416558748790e-02
   1.8199999999999989e+01    1.2131933326219309e+00   -2.7023274292922189e-01
   1.8299999999999990e+01    1.1775780880116300e+00   -4.3956341413302469e-01
   1.8399999999999991e+01    1.1258802097865630e+00   -5.9101487676931119e-01
   1.8499999999999993e+01    1.0601125067919233e+00   -7.2046712770485177e-01
   1.8599999999999994e+01    9.8258426593208148e-01   -8.2611071263126723e-01
   1.8699999999999996e+01    8.9567647008023865e-01   -9.0826461486295207e-01
   1.8799999999999997e+01    8.0165002654792228e-01   -9.6892201669243039e-01
   1.8899999999999999e+01    7.0250671753434313e-01   -1.0111744790276789e+00
   1.9000000000000000e+01    5.9990818071476348e-01   -1.0386453391690560e+00
   1.9100000000000001e+01    4.9514738184519658e-01   -1.0550160981719630e+00
   1.9200000000000003e+01    3.8916121113284180e-01   -1.0636796729375066e+00
   1.9300000000000004e+01    2.8257146424450968e-01   -1.0675166732722305e+00
   1.9400000000000006e+01    1.7574303868975544e-01   -1.0687698312067382e+00
   1.9500000000000007e+01    6.8851099532714150e-02   -1.0689849818880421e+00
   1.9600000000000009e+01   -3.8047947915473807e-02   -1.0689896881699423e+00
   1.9700000000000010e+01   -1.4494430441635525e-01   -1.0688882271122382e+00
   1.9800000000000011e+01   -2.5180241173955459e-01   -1.0680612760731116e+00
   1.9900000000000013e+01   -3.5848868685452523e-01   -1.0651688204939940e+00
   2.0000000000000014e+01   -4.6470003064751553e-01   -1.0581650356129022e+00
   2.0100000000000016e+01   -5.6989516160658493e-01   -1.0443437691096367e+00
   2.0200000000000017e+01   -6.7323312941249425e-01   -1.0204416795068039e+00
   2.0300000000000018e+01   -7.7352634252987340e-01   -9.8283060023641156e-01
   2.0400000000000020e+01   -8.6921851384482873e-01   -9.2782720756009851e-01
   2.0500000000000021e+01   -9.5840003898733994e-01   -8.5213158749183904e-01
   2.0600000000000023e+01   -1.0388729710530322e+00   -7.5337331823991371e-01
   2.0700000000000024e+01   -1.1082733301255210e+00   -6.3069625719345879e-01
   2.0800000000000026e+01   -1.1642490411820732e+00   -4.8526317272561426e-01
   2.0900000000000027e+01   -1.2046781140620977e+00   -3.2053099443421196e-01
   2.1000000000000028e+01   -1.2278970448528763e+00   -1.4216243380022955e-01
   2.1100000000000030e+01   -1.2328992212174543e+00    4.2486277261897215e-02
   2.1200000000000031e+01   -1.2194628173310218e+00    2.2524285750627293e-01
   2.1300000000000033e+01   -1.1881797467382886e+00    3.9818325794653209e-01
   2.1400000000000034e+01   -1.1403790082383098e+00    5.5463840898818961e-01
   2.1500000000000036e+01   -1.0779618946406311e+00    6.8991970365630373e-01
   2.1600000000000037e+01   -1.0031845355094797e+00    8.0163624282815837e-01
   2.1700000000000038e+01   -9.1842964113594228e-01    8.8960307062604549e-01
   2.1800000000000040e+01   -8.2600391501564885e-01    9.5544180118567767e-01
   2.1900000000000041e+01   -7.2798463085521714e-01    1.0020217505215134e+00
   2.2000000000000043e+01   -6.2612410593803669e-01    1.0328810181436294e+00
   2.2100000000000044e+01   -5.2180881922128308e-01    1.0517243066437660e+00
   2.2200000000000045e+01   -4.1606281313356197e-01    1.0620432272621805e+00
   2.2300000000000047e+01   -3.0958264244730949e-01    1.0668632429193465e+00
   2.2400000000000048e+01   -2.0279211796153532e-01    1.0685961800459745e+00
   2.2500000000000050e+01   -9.5907805590508391e-02    1.0689673196139473e+00
   2.2600000000000051e+01    1.0990630424932174e-02    1.0689868580120003e+00
   2.2700000000000053e+01    1.1788843314244261e-01    1.0689422508217767e+00
   2.2800000000000054e+01    2.2476340425889332e-01    1.0683972542506910e+00
   2.2900000000000055e+01    3.3151358207666298e-01    1.0661935922117742e+00
   2.3000000000000057e+01    4.3788543236998240e-01    1.0604614238204504e+00
   2.3100000000000058e+01    5.4340416152267068e-01    1.0486548131130762e+00
   2.3200000000000060e+01    6.4730984532777580e-01    1.0276373662423235e+00
   2.3300000000000061e+01    7.4850591451263060e-01    9.9384903203597386e-01
   2.3400000000000063e+01    8.4552966430681487e-01    9.4358405903677356e-01
   2.3500000000000064e+01    9.3655693562045339e-01    8.7339735629113724e-01
   2.3600000000000065e+01    1.0194535455773861e+00    7.8062780945134214e-01
   2.3700000000000067e+01    1.0918827843101218e+00    6.6398265861932670e-01
   2.3800000000000068e+01    1.1514701333225399e+00    5.2407591549989130e-01
   2.3900000000000070e+01    1.1960135468186432e+00    3.6377594321809348e-01
   2.4000000000000071e+01    1.2237127963328112e+00    1.8821874265698871e-01
   2.4100000000000072e+01    1.2333794956343889e+00    4.4025853717985508e-03
   2.4200000000000074e+01    1.2245862152916525e+00   -1.7960966537122414e-01
   2.4300000000000075e+01    1.1977220793006302e+00   -3.5572940590982632e-01
   2.4400000000000077e+01    1.1539421016418496e+00   -5.1688711359338269e-01
   2.4500000000000078e+01    1.0950218897145232e+00   -6.5784579527628151e-01
   2.4600000000000080e+01    1.0231495942499131e+00   -7.7562658403293994e-01
   2.4700000000000081e+01    9.4069655418077003e-01   -8.6951413279950496e-01
   2.4800000000000082e+01    8.5000540483561604e-01   -9.4072189695782527e-01
   2.4900000000000084e+01    7.5322282295357545e-01   -9.9185932790035702e-01
   2.5000000000000085e+01    6.5218925621398327e-01   -1.0263468740213684e+00
   2.5100000000000087e+01    5.4838499645946936e-01   -1.0478881043476260e+00
   2.5200000000000088e+01    4.4292355238237280e-01   -1.0600572411150524e+00
   2.5300000000000090e+01    3.3657980383046804e-01   -1.0660153354403969e+00
   2.5400000000000091e+01    2.2984071126115752e-01   -1.0683388190065162e+00
   2.5500000000000092e+01    1.2296877146750310e-01   -1.0689307385707609e+00
   2.5600000000000094e+01    1.6071530872084377e-02   -1.0689835351512076e+00
   2.5700000000000095e+01   -9.0826657567979127e-02   -1.0689678323282701e+00
   2.5800000000000097e+01   -1.9771232139387956e-01   -1.0686305715161863e+00
   2.5900000000000098e+01   -3.0451051642488541e-01   -1.0669958345967545e+00
   2.6000000000000099e+01   -4.1101279796678220e-01   -1.0623719392317024e+00
   2.6100000000000101e+01   -5.1680674591729114e-01   -1.0523785212395416e+00
   2.6200000000000102e+01   -6.2121012587455915e-01   -1.0340166873420427e+00
   2.6300000000000104e+01   -7.2321545427262124e-01   -1.0038122291892644e+00
   2.6400000000000105e+01   -8.2145385920062197e-01   -9.5806305225075761e-01
   2.6500000000000107e+01   -9.1418988744808272e-01   -8.9321267638953561e-01
   2.6600000000000108e+01   -9.9936001119683848e-01   -8.0634724121974521e-01
   2.6700000000000109e+01   -1.0746654086297611e+00   -6.9577255453674403e-01
   2.6800000000000111e+01   -1.1377227252742788e+00   -5.6157681441255236e-01
   2.6900000000000112e+01   -1.1862647429023065e+00   -4.0604103063674490e-01
   2.7000000000000114e+01   -1.2183681627217795e+00   -2.3374830514484229e-01
   2.7100000000000115e+01   -1.2326725217574777e+00   -5.1286980627449325e-02
   2.7200000000000117e+01   -1.2285483824935086e+00    1.3345733362930387e-01
   2.7300000000000118e+01   -1.2061787367600421e+00    3.1229966485733440e-01
   2.7400000000000119e+01   -1.1665351045030303e+00    4.7782292131974002e-01
   2.7500000000000121e+01   -1.1112538354546078e+00    6.2426906374499047e-01
   2.7600000000000122e+01   -1.0424401891557349e+00    7.4807106829663450e-01
   2.7700000000000124e+01   -9.6244041160783877e-01    8.4796090320617401e-01
   2.7800000000000125e+01   -8.7362229500880317e-01    9.2470888859169875e-01
   2.7900000000000126e+01   -7.7819486909333957e-01    9.8062651488507602e-01
   2.8000000000000128e+01   -6.7808331874637451e-01    1.0189824367256308e+00
   2.8100000000000129e+01   -5.7486140484999804e-01    1.0434525949007465e+00
   2.8200000000000131e+01   -4.6973398473199479e-01    1.0576757350966701e+00
   2.8300000000000132e+01   -3.6355757662115329e-01    1.0649376852721841e+00
   2.8400000000000134e+01   -2.5688640227263798e-01    1.0679739797327126e+00
   2.8500000000000135e+01   -1.5003337176059311e-01    1.0688632042201047e+00
   2.8600000000000136e+01   -4.3138526162836255e-02    1.0689794398975621e+00
   2.8700000000000138e+01    6.3759546355997926e-02    1.0689764226935945e+00
   2.8800000000000139e+01    1.7065146129499503e-01    1.0687843444867127e+00
   2.8900000000000141e+01    2.7748467352587330e-01    1.0676100613793262e+00
   2.9000000000000142e+01    3.8409130270336422e-01    1.0639416985489871e+00
   2.9100000000000144e+01    4.9011706346450412e-01    1.0555688349486234e+00
   2.9200000000000145e+01    5.9495382583955958e-01    1.0396391194294454e+00
   2.9300000000000146e+01    6.9768083087045607e-01    1.0127799438013221e+00
   2.9400000000000148e+01    7.9702265652484594e-01    9.7131681757769683e-01
   2.9500000000000149e+01    8.9133498313084214e-01    9.1161392610580794e-01
   2.9600000000000151e+01    9.7863087625433254e-01    8.3054209241314925e-01
   2.9700000000000152e+01    1.0566591124530917e+00    7.2604241472154329e-01
   2.9800000000000153e+01    1.1230404802471086e+00    5.9770428625944705e-01
   2.9900000000000155e+01    1.1754573670478674e+00    4.4722883801470981e-01
   3.0000000000000156e+01    1.2118776363187642e+00    2.7862719350921489e-01
   3.0100000000000158e+01    1.2307796915695677e+00    9.8031681878269356e-02
   3.0200000000000159e+01    1.2313373696597707e+00   -8.6914509683252539e-02
   3.0300000000000161e+01    1.2135259339449034e+00   -2.6799974229480317e-01
   3.0400000000000162e+01    1.1781253033022299e+00   -4.3751739348154373e-01
   3.0500000000000163e+01    1.1266197740882982e+00   -5.8922272448736213e-01
   3.0600000000000165e+01    1.0610168766549055e+00   -7.1896707150767702e-01
   3.0700000000000166e+01    9.8362353270230063e-01   -8.2491221133263126e-01
   3.0800000000000168e+01    8.9682105403995249e-01   -9.0735259453523109e-01
   3.0900000000000169e+01    8.0287280492235968e-01   -9.6826363491028733e-01
   3.1000000000000171e+01    7.0378442887222459e-01   -1.0107265539862502e+00
   3.1100000000000172e+01    6.0122211383791291e-01   -1.0383610511846961e+00
   3.1200000000000173e+01    4.9648346443444719e-01   -1.0548502241263269e+00
   3.1300000000000175e+01    3.9050965692837347e-01   -1.0635921883968944e+00
   3.1400000000000176e+01    2.8392613385956644e-01   -1.0674749313793508e+00
   3.1500000000000178e+01    1.7710063813917493e-01   -1.0687496967830921e+00
   3.1600000000000179e+01    7.0210300871321060e-02   -1.0689713165460346e+00
   3.1700000000000180e+01   -3.6687415966916964e-02   -1.0689765106428926e+00
   3.1800000000000182e+01   -1.4358257497333676e-01   -1.0688787603104759e+00
   3.1900000000000183e+01   -2.5044040136270268e-01   -1.0680679654114449e+00
   3.2000000000000185e+01   -3.5712901618871290e-01   -1.0652132776446457e+00
   3.2100000000000186e+01   -4.6334792891759752e-01   -1.0582777321347243e+00
   3.2200000000000188e+01   -5.6855931604233012e-01   -1.0445631831970017e+00
   3.2300000000000189e+01   -6.7192640603809051e-01   -1.0208125078518293e+00
   3.2400000000000190e+01   -7.7226626415440147e-01   -9.8340062785103810e-01
   3.2500000000000192e+01   -8.6802734469984577e-01   -9.2864254275078073e-01
   3.2600000000000193e+01   -9.5730430987488735e-01   -8.5323027918829597e-01
   3.2700000000000195e+01   -1.0379023052833616e+00   -7.5477789934264805e-01
   3.2800000000000196e+01   -1.1074585176720484e+00   -6.3240642094650490e-01
   3.2900000000000198e+01   -1.1636194601191623e+00   -4.8725036711894820e-01
   3.3000000000000199e+01   -1.2042587897461958e+00   -3.2273687959764230e-01
   3.3100000000000200e+01   -1.2277058107087002e+00   -1.4450259541208724e-01
   3.3200000000000202e+01   -1.2329445247109185e+00    4.0113258347703240e-02
   3.3300000000000203e+01   -1.2197426425262479e+00    2.2294252806638315e-01
   3.3400000000000205e+01   -1.1886818986242349e+00    3.9605146671626829e-01
   3.3500000000000206e+01   -1.1410826916422443e+00    5.5274973041849207e-01
   3.3600000000000207e+01   -1.0788402325504682e+00    6.8832050484113794e-01
   3.3700000000000209e+01   -1.0042075061114690e+00    8.0034324496969877e-01
   3.3800000000000210e+01   -9.1956690874687741e-01    8.8860668912092478e-01
   3.3900000000000212e+01   -8.2722715770086586e-01    9.5471254986367604e-01
   3.4000000000000213e+01   -7.2926915636773937e-01    1.0015177686870578e+00
   3.4100000000000215e+01   -6.2744972659966169e-01    1.0325551557151060e+00
   3.4200000000000216e+01   -5.2316008141301751e-01    1.0515298487449942e+00
   3.4300000000000217e+01   -4.1742873686324344e-01    1.0619379598798833e+00
   3.4400000000000219e+01   -3.1095613274407663e-01    1.0668119966621679e+00
   3.4500000000000220e+01   -2.0416918345279547e-01    1.0685722097757282e+00
   3.4600000000000222e+01   -9.7286680173193599e-02    1.0689529280862142e+00
   3.4700000000000223e+01    9.6104055919571524e-03    1.0689736164249788e+00
   3.4800000000000225e+01    1.1650694030052515e-01    1.0689310619696815e+00
   3.4900000000000226e+01    2.2338128366225690e-01    1.0683983772625913e+00
   3.5000000000000227e+01    3.3013296717201390e-01    1.0662266159399008e+00
   3.5100000000000229e+01    4.3651087424129115e-01    1.0605550437413616e+00
   3.5200000000000230e+01    5.4204351035975662e-01    1.0488461400941311e+00
   3.5300000000000232e+01    6.4597502402126183e-01    1.0279703921133720e+00
   3.5400000000000233e+01    7.4721347908787361e-01    9.9437183370431481e-01
   3.5500000000000234e+01    8.4430100657624629e-01    9.4434439815961779e-01
   3.5600000000000236e+01    9.3541796036012093e-01    8.7443659119856654e-01
   3.5700000000000237e+01    1.0184336684773529e+00    7.8197351713157848e-01
   3.5800000000000239e+01    1.0910131685596409e+00    6.6564101777941220e-01
   3.5900000000000240e+01    1.1507812210190862e+00    5.2602553915249262e-01
   3.6000000000000242e+01    1.1955321296625172e+00    3.6596515231413818e-01
   3.6100000000000243e+01    1.2234590576440976e+00    1.9056791239903764e-01
   3.6200000000000244e+01    1.2333645676899514e+00    6.8120547032385903e-03
   3.6300000000000246e+01    1.2248107647285771e+00   -1.7724727114287503e-01
   3.6400000000000247e+01    1.1981762395132114e+00   -3.5351507704427243e-01
   3.6500000000000249e+01    1.1546067665434863e+00   -5.1490285343577358e-01
   3.6600000000000250e+01    1.0958710738442536e+00   -6.5614624420275924e-01
   3.6700000000000252e+01    1.0241533582069682e+00   -7.7423616177439980e-01
   3.6800000000000253e+01    9.4182394910082246e-01   -8.6842933864648131e-01
   3.6900000000000254e+01    8.5122699111738909e-01   -9.3991721116119276e-01
   3.7000000000000256e+01    7.5451250177380669e-01   -9.9129473333041562e-01
   3.7100000000000257e+01    6.5352534208396140e-01   -1.0259752739187484e+00
   3.7200000000000259e+01    5.4975060211027971e-01   -1.0476615309088286e+00
   3.7300000000000260e+01    4.4430643424337180e-01   -1.0599314068585979e+00
   3.7400000000000261e+01    3.3797183462048902e-01   -1.0659525757905350e+00
   3.7500000000000263e+01    2.3123712576493605e-01   -1.0683097512681172e+00
   3.7600000000000264e+01    1.2436729331029253e-01   -1.0689150511728585e+00
   3.7700000000000266e+01    1.7471447696568637e-02   -1.0689702861931927e+00
   3.7800000000000267e+01   -8.9425436402881808e-02   -1.0689555370541060e+00
   3.7900000000000269e+01   -1.9631021228013495e-01   -1.0686272328160311e+00
   3.8000000000000270e+01   -3.0310921060665902e-01   -1.0670189374657861e+00
   3.8100000000000271e+01   -4.0961620411307842e-01   -1.0624482957308614e+00
   3.8200000000000273e+01   -5.1542190004585042e-01   -1.0525437216686240e+00
   3.8300000000000274e+01   -6.1984801215111873e-01   -1.0343137998421836e+00
   3.8400000000000276e+01   -7.2189164061325395e-01   -1.0042893258935737e+00
   3.8500000000000277e+01   -8.2018881024895440e-01   -9.5876917959781927e-01
   3.8600000000000279e+01   -9.1300878810070607e-01   -8.9419209769311325e-01
   3.8700000000000280e+01   -9.9829193635173374e-01   -8.0763221092786752e-01
   3.8800000000000281e+01   -1.0737417310871684e+00   -6.9737551390271213e-01
   3.8900000000000283e+01   -1.1369747772488896e+00   -5.6348357533911497e-01
   3.9000000000000284e+01   -1.1857209282505039e+00   -4.0820694214917375e-01
   3.9100000000000286e+01   -1.2180509140375382e+00   -2.3609922610971226e-01
   3.9200000000000287e+01   -1.2325956369718669e+00   -5.3725916209466623e-02
   3.9300000000000288e+01   -1.2287152851189349e+00    1.3103866141038334e-01
   3.9400000000000290e+01   -1.2065820469861153e+00    3.1000666351525463e-01
   3.9500000000000291e+01   -1.1671576191359383e+00    4.7574465658070642e-01
   3.9600000000000293e+01   -1.1120706907348650e+00    6.2246848655543130e-01
   3.9700000000000294e+01   -1.0434217367421168e+00    7.4658067139453932e-01
   3.9800000000000296e+01   -9.6355524938382786e-01    8.4678384447041255e-01
   3.9900000000000297e+01   -8.7483996448759860e-01    9.2382423997257912e-01
   4.0000000000000298e+01   -7.7948790369225374e-01    9.7999666149855158e-01
   4.0100000000000300e+01   -6.7942852437985191e-01    1.0185607619941881e+00
   4.0200000000000301e+01   -5.7624041456653186e-01    1.0431901566078134e+00
   4.0300000000000303e+01   -4.7113322430284582e-01    1.0575263192110866e+00
   4.0400000000000304e+01   -3.6496780992545308e-01    1.0648611800037664e+00
   4.0500000000000306e+01   -2.5830201239503675e-01    1.0679383489274605e+00
   4.0600000000000307e+01   -1.5145149771552174e-01    1.0688454717236437e+00
   4.0700000000000308e+01   -4.4558133586690127e-02    1.0689660865851094e+00
   4.0800000000000310e+01    6.2338618375230817e-02    1.0689635090097556e+00
   4.0900000000000311e+01    1.6922946037680642e-01    1.0687775482438340e+00
   4.1000000000000313e+01    2.7606289658779160e-01    1.0676246865198393e+00
   4.1100000000000314e+01    3.8267305518304129e-01    1.0640025742503296e+00
   4.1200000000000315e+01    4.8870859454561988e-01    1.0557098900633954e+00
   4.1300000000000317e+01    5.9356519127128538e-01    1.0399022954892525e+00
   4.1400000000000318e+01    6.9632659668160235e-01    1.0132130277985965e+00
   4.1500000000000320e+01    7.9572231440294150e-01    9.7196978293588865e-01
   4.1600000000000321e+01    8.9011291365826728e-01    9.1253353354684652e-01
   4.1700000000000323e+01    9.7751568839358194e-01    8.3176488128484394e-01
   4.1800000000000324e+01    1.0556822290606911e+00    7.2758681203118225e-01
   4.1900000000000325e+01    1.1222339471166474e+00    5.9956325848190195e-01
   4.2000000000000327e+01    1.1748510349428665e+00    4.4936504268910349e-01
   4.2100000000000328e+01    1.2114960673561654e+00    2.8097259734379498e-01
   4.2200000000000330e+01    1.2306393060204455e+00    1.0049283744845944e-01
   4.2300000000000331e+01    1.2314443981928795e+00   -8.4445828560918923e-02
   4.2400000000000333e+01    1.2138756236714932e+00   -2.6563255413767228e-01
   4.2500000000000334e+01    1.1787025592640514e+00   -4.3534735092110610e-01
   4.2600000000000335e+01    1.1274010868112794e+00   -5.8732102245066198e-01
   4.2700000000000337e+01    1.0619731089374029e+00   -7.1737457726663512e-01
   4.2800000000000338e+01    9.8472300575835403e-01   -8.2363928510291418e-01
   4.2900000000000340e+01    8.9803240703982401e-01   -9.0638353246649805e-01
   4.3000000000000341e+01    8.0416725799397504e-01   -9.6756381552871717e-01
   4.3100000000000342e+01    7.0513728031435119e-01   -1.0102503106984646e+00
   4.3200000000000344e+01    6.0261347844217528e-01   -1.0380587875684792e+00
   4.3300000000000345e+01    4.9789837388738722e-01   -1.0546739802129643e+00
   4.3400000000000347e+01    3.9193769053229005e-01   -1.0634994765852994e+00
   4.3500000000000348e+01    2.8536074408005896e-01   -1.0674310600799608e+00
   4.3600000000000350e+01    1.7853830297036033e-01   -1.0687289816867942e+00
   4.3700000000000351e+01    7.1649592962574699e-02   -1.0689575993525733e+00
   4.3800000000000352e+01   -3.5246792262712032e-02   -1.0689633300344452e+00
   4.3900000000000354e+01   -1.4214075621775768e-01   -1.0688694008867925e+00
   4.4000000000000355e+01   -2.4899834082089661e-01   -1.0680754759216509e+00
   4.4100000000000357e+01   -3.5568945853600531e-01   -1.0652604117958870e+00
   4.4200000000000358e+01   -4.6191636804216873e-01   -1.0583966279104002e+00
   4.4300000000000360e+01   -5.6714489514639921e-01   -1.0447944681206638e+00
   4.4400000000000361e+01   -6.7054268270694650e-01   -1.0212034204551481e+00
   4.4500000000000362e+01   -7.7093172012731226e-01   -9.8400172404487374e-01
   4.4600000000000364e+01   -8.6676548142223997e-01   -9.2950267463059588e-01
   4.4700000000000365e+01   -9.5614315402027794e-01   -8.5438985901755005e-01
   4.4800000000000367e+01   -1.0368731757027485e+00   -7.5626101596327033e-01
   4.4900000000000368e+01   -1.1065939965854035e+00   -6.3421307715136743e-01
   4.5000000000000369e+01   -1.1629506710765274e+00   -4.8935072133945146e-01
   4.5100000000000371e+01   -1.2038122872206480e+00   -3.2506955229208145e-01
   4.5200000000000372e+01   -1.2275005704141839e+00   -1.4697852685352225e-01
   4.5300000000000374e+01   -1.2329896098053803e+00    3.7601272173642092e-02
   4.5400000000000375e+01   -1.2200360466366404e+00    2.2050623927544602e-01
   4.5500000000000377e+01   -1.1892108289448275e+00    3.9379253310255091e-01
   4.5600000000000378e+01   -1.1418252251991292e+00    5.5074741482470246e-01
   4.5700000000000379e+01   -1.0797679728451905e+00    6.8662426686692979e-01
   4.5800000000000381e+01   -1.0052886901294464e+00    7.9897114835854888e-01
   4.5900000000000382e+01   -9.2076940787466799e-01    8.8754888495725859e-01
   4.6000000000000384e+01   -8.2852094985200786e-01    9.5393802887251922e-01
   4.6100000000000385e+01   -7.3062804621218025e-01    1.0009823259883683e+00
   4.6200000000000387e+01   -6.2885228075416699e-01    1.0322089041680533e+00
   4.6300000000000388e+01   -5.2458987867409868e-01    1.0513232995418071e+00
   4.6400000000000389e+01   -4.1887409768691153e-01    1.0618263473697491e+00
   4.6500000000000391e+01   -3.1240949940053753e-01    1.0667579881994247e+00
   4.6600000000000392e+01   -2.0562629463330739e-01    1.0685473776984327e+00
   4.6700000000000394e+01   -9.8745642135763118e-02    1.0689384160677324e+00
   4.6800000000000395e+01    8.1500902777786738e-03    1.0689603749618732e+00
   4.6900000000000396e+01    1.1504535746557483e-01    1.0689199147208071e+00
   4.7000000000000398e+01    2.2191909632777745e-01    1.0684000459800680e+00
   4.7100000000000399e+01    3.2867240485496385e-01    1.0662616921790455e+00
   4.7200000000000401e+01    4.3505671102235438e-01    1.0606537556682332e+00
   4.7300000000000402e+01    5.4060399799113301e-01    1.0490476287561197e+00
   4.7400000000000404e+01    6.4456271196009884e-01    1.0283211016861507e+00
   4.7500000000000405e+01    7.4584581069292188e-01    9.9492257341477353e-01
   4.7600000000000406e+01    8.4300053901853766e-01    9.4514571117183666e-01
   4.7700000000000408e+01    9.3421203106024264e-01    8.7553233751746329e-01
   4.7800000000000409e+01    1.0173533449907473e+00    7.8339308341829628e-01
   4.7900000000000411e+01    1.0900913936865861e+00    6.6739125625926932e-01
   4.8000000000000412e+01    1.1500502103367494e+00    5.2808421392344329e-01
   4.8100000000000414e+01    1.1950202773543721e+00    3.6827799868463074e-01
   4.8200000000000415e+01    1.2231878053291461e+00    1.9305104474542312e-01
   4.8300000000000416e+01    1.2333458108711024e+00    9.3602612414779018e-03
   4.8400000000000418e+01    1.2250453406252657e+00   -1.7474754017382374e-01
   4.8500000000000419e+01    1.1986538370696349e+00   -3.5117080164980796e-01
   4.8600000000000421e+01    1.1553072781747040e+00   -5.1280107516674578e-01
   4.8700000000000422e+01    1.0967670805572174e+00   -6.5434513909743330e-01
   4.8800000000000423e+01    1.0252132199424324e+00   -7.7276194381733643e-01
   4.8900000000000425e+01    9.4301492204424398e-01   -8.6727863282580109e-01
   4.9000000000000426e+01    8.5251789946462464e-01   -9.3906326078435909e-01
   4.9100000000000428e+01    7.5587568476858069e-01   -9.9069534694681449e-01
   4.9200000000000429e+01    6.5493779814925979e-01   -1.0255806814928607e+00
   4.9300000000000431e+01    5.5119440401598285e-01   -1.0474209710016409e+00
   4.9400000000000432e+01    4.4576857155581689e-01   -1.0597979628827334e+00
   4.9500000000000433e+01    3.3944365965411422e-01   -1.0658863073988523e+00
   4.9600000000000435e+01    2.3271355799813137e-01   -1.0682794625270360e+00
   4.9700000000000436e+01    1.2584589687580833e-01   -1.0688991331060942e+00
   4.9800000000000438e+01    1.8951453765972820e-02   -1.0689570356472264e+00
   4.9900000000000439e+01   -8.7944125863129677e-02   -1.0689432492524678e+00
   5.0000000000000441e+01   -1.9482802614216485e-01   -1.0686242324108719e+00
   5.0100000000000442e+01   -3.0162791183933785e-01   -1.0670435721359537e+00
   5.0200000000000443e+01   -4.0813988619678132e-01   -1.0625287743135210e+00
   5.0300000000000445e+01   -5.1395794928287730e-01   -1.0527175404321585e+00
   5.0400000000000446e+01   -6.1840797669236602e-01   -1.0346263801861200e+00
   5.0500000000000448e+01   -7.2049190527361573e-01   -1.0047914180632915e+00
   5.0600000000000449e+01   -8.1885093243832441e-01   -9.5951262690257599e-01
   5.0700000000000450e+01   -9.1175931885619543e-01   -8.9522377537457387e-01
   5.0800000000000452e+01   -9.9716155252195904e-01   -8.0898640649245712e-01
   5.0900000000000453e+01   -1.0727635633087094e+00   -6.9906567965440614e-01
   5.1000000000000455e+01   -1.1361819479604249e+00   -5.6549510026491856e-01
   5.1100000000000456e+01   -1.1851435053363482e+00   -4.1049304801721131e-01
   5.1200000000000458e+01   -1.2177126941279479e+00   -2.3858192223038061e-01
   5.1300000000000459e+01   -1.2325113221736959e+00   -5.6302937146577164e-02
   5.1400000000000460e+01   -1.2288886291490488e+00    1.2848168266613696e-01
   5.1500000000000462e+01   -1.2070053830539496e+00    3.0758125241652123e-01
   5.1600000000000463e+01   -1.1678128775498857e+00    4.7354522952325662e-01
   5.1700000000000465e+01   -1.1129316715312949e+00    6.2056195765448485e-01
   5.1800000000000466e+01   -1.0444571433023158e+00    7.4500178515068627e-01
   5.1900000000000468e+01   -9.6473189302889328e-01    8.4553629608054748e-01
   5.2000000000000469e+01   -8.7612562226358937e-01    9.2288618008841450e-01
   5.2100000000000470e+01   -7.8085349299108864e-01    9.7932850084031986e-01
   5.2200000000000472e+01   -6.8084946658358825e-01    1.0181133002096985e+00
   5.2300000000000473e+01   -5.7769723007207885e-01    1.0429116573110435e+00
   5.2400000000000475e+01   -4.7261150281279829e-01    1.0573678743580486e+00
   5.2500000000000476e+01   -3.6645773440183299e-01    1.0647802966635025e+00
   5.2600000000000477e+01   -2.5979760186587703e-01    1.0679010503796773e+00
   5.2700000000000479e+01   -1.5294969625161298e-01    1.0688273472841034e+00
   5.2800000000000480e+01   -4.6057828811345028e-02    1.0689527155402689e+00
   5.2900000000000482e+01    6.0837602234182400e-02    1.0689505908520320e+00
   5.3000000000000483e+01    1.6772737678983196e-01    1.0687709415827573e+00
   5.3100000000000485e+01    2.7456109348505686e-01    1.0676404174867471e+00
   5.3200000000000486e+01    3.8117498816322709e-01    1.0640667312127534e+00
   5.3300000000000487e+01    4.8722081505475340e-01    1.0558581794686572e+00
   5.3400000000000489e+01    5.9209825911054603e-01    1.0401789047760899e+00
   5.3500000000000490e+01    6.9489582589263676e-01    1.0136683539031928e+00
   5.3600000000000492e+01    7.9434821666888644e-01    9.7265659087459377e-01
   5.3700000000000493e+01    8.8882116663218591e-01    9.1350127936760450e-01
   5.3800000000000495e+01    9.7633644761622729e-01    8.3305233048982452e-01
   5.3900000000000496e+01    1.0546486450111876e+00    7.2921371199905716e-01
   5.4000000000000497e+01    1.1213798617146318e+00    6.0152256026081297e-01
   5.4100000000000499e+01    1.1742080126457077e+00    4.5161773383016557e-01
   5.4200000000000500e+01    1.2110901291495846e+00    2.8344722719592186e-01
   5.4300000000000502e+01    1.2304879095677477e+00    1.0309100982663277e-01
   5.4400000000000503e+01    1.2315542611566264e+00   -8.1838288337630044e-02
   5.4500000000000504e+01    1.2142418663902208e+00   -2.6313085602595260e-01
   5.4600000000000506e+01    1.1793093629572429e+00   -4.3305276845485635e-01
   5.4700000000000507e+01    1.1282237140338569e+00   -5.8530911968060750e-01
   5.4800000000000509e+01    1.0629808385283634e+00   -7.1568893134493661e-01
   5.4900000000000510e+01    9.8588239169606728e-01   -8.2229122344699512e-01
   5.5000000000000512e+01    8.9931030430919479e-01   -9.0535677382030655e-01
   5.5100000000000513e+01    8.0553322215502132e-01   -9.6682199448242767e-01
   5.5200000000000514e+01    7.0656515931739539e-01   -1.0097452935790592e+00
   5.5300000000000516e+01    6.0408220194342988e-01   -1.0377382042194698e+00
   5.5400000000000517e+01    4.9939206674951009e-01   -1.0544871259561399e+00
   5.5500000000000519e+01    3.9344528795881806e-01   -1.0634013857169899e+00
   5.5600000000000520e+01    2.8687528244418353e-01   -1.0673849773207367e+00
   5.5700000000000522e+01    1.8005602630659931e-01   -1.0687076527061563e+00
   5.5800000000000523e+01    7.3168970708910083e-02   -1.0689438243059521e+00
   5.5900000000000524e+01   -3.3726081750642664e-02   -1.0689501457004988e+00
   5.6000000000000526e+01   -1.4061885238709954e-01   -1.0688601316184390e+00
   5.6100000000000527e+01   -2.4747623088491244e-01   -1.0680837518433344e+00
   5.6200000000000529e+01   -3.5417000625748463e-01   -1.0653101069643982e+00
   5.6300000000000530e+01   -4.6040532490656255e-01   -1.0585215261592427e+00
   5.6400000000000531e+01   -5.6565185132514428e-01   -1.0450373284882095e+00
   5.6500000000000533e+01   -6.6908187680522535e-01   -1.0216140108881988e+00
   5.6600000000000534e+01   -7.6952258144567554e-01   -9.8463336787290767e-01
   5.6700000000000536e+01   -8.6543273751905037e-01   -9.3040697724132237e-01
   5.6800000000000537e+01   -9.5491631809401922e-01   -8.5560962206861280e-01
   5.6900000000000539e+01   -1.0357852563149805e+00   -7.5782192852380181e-01
   5.7000000000000540e+01   -1.1056793676539893e+00   -6.3611551222640372e-01
   5.7100000000000541e+01   -1.1622422077136418e+00   -4.9156361836508039e-01
   5.7200000000000543e+01   -1.2033380862133525e+00   -3.2752856162749677e-01
   5.7300000000000544e+01   -1.2272807693191568e+00   -1.4958999872654280e-01
   5.7400000000000546e+01   -1.2330339113375621e+00    3.4950297406297709e-02
   5.7500000000000547e+01   -1.2203424791590722e+00    2.1793372264931082e-01
   5.7600000000000549e+01   -1.1897660250357158e+00    3.9140597698489954e-01
   5.7700000000000550e+01   -1.1426061524302484e+00    5.4863082975846900e-01
   5.7800000000000551e+01   -1.0807447269736177e+00    6.8483027553415554e-01
   5.7900000000000553e+01   -1.0064277716086305e+00    7.9751922596013336e-01
   5.8000000000000554e+01   -9.2203689345533668e-01    8.8642897554486400e-01
   5.8100000000000556e+01   -8.2988511068824589e-01    9.5311764032250801e-01
   5.8200000000000557e+01   -7.3206117416338878e-01    1.0004149315183177e+00
   5.8300000000000558e+01   -6.3033168559189046e-01    1.0318418860808178e+00
   5.8400000000000560e+01   -5.2609816045535762e-01    1.0511043895563925e+00
   5.8500000000000561e+01   -4.2039886715114289e-01    1.0617082145528038e+00
   5.8600000000000563e+01   -3.1394272752158026e-01    1.0667011182272914e+00
   5.8700000000000564e+01   -2.0716344360723449e-01    1.0685216395542239e+00
   5.8800000000000566e+01   -1.0028468616335305e-01    1.0689237725279104e+00
   5.8900000000000567e+01    6.6096894343823376e-03    1.0689471336983432e+00
   5.9000000000000568e+01    1.1350368922679981e-01    1.0689087980344261e+00
   5.9100000000000570e+01    2.2037684425660747e-01    1.0684022159753093e+00
   5.9200000000000571e+01    3.2713189009099497e-01    1.0662987210051309e+00
   5.9300000000000573e+01    4.3352292401801296e-01    1.0607573829131822e+00
   5.9400000000000574e+01    5.3908558340745960e-01    1.0492590066608043e+00
   5.9500000000000576e+01    6.4307283547860405e-01    1.0286891124721560e+00
   5.9600000000000577e+01    7.4440279160569123e-01    9.9550075240290126e-01
   5.9700000000000578e+01    8.4162808840398251e-01    9.4598738892050904e-01
   5.9800000000000580e+01    9.3293890889221875e-01    8.7668389757238874e-01
   5.9900000000000581e+01    1.0162122636931961e+00    7.8488576230012697e-01
   6.0000000000000583e+01    1.0891170735921631e+00    6.6923263739830396e-01
   6.0100000000000584e+01    1.1492766448660678e+00    5.3025128236874852e-01
   6.0200000000000585e+01    1.1944774747318685e+00    3.7071397612655632e-01
   6.0300000000000587e+01    1.2228984837983956e+00    1.9566784581246685e-01
   6.0400000000000588e+01    1.2333226524998540e+00    1.2047160745031066e-02
   6.0500000000000590e+01    1.2252893787176169e+00   -1.7211026195728349e-01
   6.0600000000000591e+01    1.1991543404401215e+00   -3.4869614273467092e-01
   6.0700000000000593e+01    1.1560431578126837e+00   -5.1058117037674833e-01
   6.0800000000000594e+01    1.0977094976496597e+00   -6.5244177006934523e-01
   6.0900000000000595e+01    1.0263288403099913e+00   -7.7120319021536243e-01
   6.1000000000000597e+01    9.4426920672374060e-01   -8.6606130713578888e-01
   6.1100000000000598e+01    8.5387793085132113e-01   -9.3815941484512089e-01
   6.1200000000000600e+01    7.5731223094513922e-01   -9.9006064211736144e-01
   6.1300000000000601e+01    6.5642653037135346e-01   -1.0251626848139401e+00
   6.1400000000000603e+01    5.5271634367325539e-01   -1.0471661245073463e+00
   6.1500000000000604e+01    4.4730993071427538e-01   -1.0596567087882438e+00
   6.1600000000000605e+01    3.4099526110288891e-01   -1.0658164118745641e+00
   6.1700000000000607e+01    2.3426999872533349e-01   -1.0682478957318116e+00
   6.1800000000000608e+01    1.2740457647904527e-01   -1.0688829667066075e+00
   6.1900000000000610e+01    2.0511544124156220e-02   -1.0689437828560091e+00
   6.2000000000000611e+01   -8.6382730751978720e-02   -1.0689309627653758e+00
   6.2100000000000612e+01   -1.9326576595194961e-01   -1.0686215360712263e+00
   6.2200000000000614e+01   -3.0006661732956974e-01   -1.0670696538128435e+00
   6.2300000000000615e+01   -4.0658382949951066e-01   -1.0626132177422098e+00
   6.2400000000000617e+01   -5.1241485871607595e-01   -1.0528997278241288e+00
   6.2500000000000618e+01   -6.1688995429965587e-01   -1.0349540702026023e+00
   6.2600000000000620e+01   -7.1901614140731640e-01   -1.0053180302880735e+00
   6.2700000000000621e+01   -8.1744006556135163e-01   -9.6029280394708760e-01
   6.2800000000000622e+01   -9.1044125540909082e-01   -8.9630702211841495e-01
   6.2900000000000624e+01   -9.9596856323318084e-01   -8.1040907941144957e-01
   6.3000000000000625e+01   -1.0717305331039804e+00   -7.0084229635773521e-01
   6.3100000000000627e+01   -1.1353437921456315e+00   -5.6761069527479013e-01
   6.3200000000000628e+01   -1.1845319656644271e+00   -4.1289878947673564e-01
   6.3300000000000630e+01   -1.2173529482046441e+00   -2.4119603595733830e-01
   6.3400000000000631e+01   -1.2324189988789418e+00   -5.9017932146047808e-02
   6.3500000000000632e+01   -1.2290678380095483e+00    1.2578624847683895e-01
   6.3600000000000634e+01   -1.2074481955774952e+00    3.0502304277971648e-01
   6.3700000000000635e+01   -1.1685003792446453e+00    4.7122406137907513e-01
   6.3800000000000637e+01   -1.1138363419083703e+00    6.1854877663311980e-01
   6.3900000000000638e+01   -1.0455460459541808e+00    7.4333366074776352e-01
   6.4000000000000639e+01   -9.6597005415637727e-01    8.4421752679107243e-01
   6.4100000000000634e+01   -8.7747905000750803e-01    9.2189404596087388e-01
   6.4200000000000628e+01   -7.8229148012597971e-01    9.7862147041641356e-01
   6.4300000000000622e+01   -6.8234603904773028e-01    1.0176396039100877e+00
   6.4400000000000617e+01   -5.7923178399878950e-01    1.0426167646869899e+00
   6.4500000000000611e+01   -4.7416878076509644e-01    1.0572001731017380e+00
   6.4600000000000605e+01   -3.6802732873464561e-01    1.0646948959074682e+00
   6.4700000000000600e+01   -2.6137315974006581e-01    1.0678620124522333e+00
   6.4800000000000594e+01   -1.5452796111675776e-01    1.0688088049414428e+00
   6.4900000000000588e+01   -4.7637606838379129e-02    1.0689393238602385e+00
   6.5000000000000583e+01    5.9256502844656722e-02    1.0689376655855582e+00
   6.5100000000000577e+01    1.6614521424328921e-01    1.0687644992729359e+00
   6.5200000000000571e+01    2.7297926332112021e-01    1.0676571836075077e+00
   6.5300000000000566e+01    3.7959709046953594e-01    1.0641340309045659e+00
   6.5400000000000560e+01    4.8565369568743327e-01    1.0560134758312427e+00
   6.5500000000000554e+01    5.9055297212682856e-01    1.0404686136334158e+00
   6.5600000000000549e+01    6.9338842208989360e-01    1.0141454710133797e+00
   6.5700000000000543e+01    7.9290021583577019e-01    9.7337667200255773e-01
   6.5800000000000537e+01    8.8745953220854046e-01    9.1451648952274722e-01
   6.5900000000000531e+01    9.7509287267454903e-01    8.3440369285095728e-01
   6.6000000000000526e+01    1.0535580027111389e+00    7.3092234475305018e-01
   6.6100000000000520e+01    1.1204777910452812e+00    6.0358146539831015e-01
   6.6200000000000514e+01    1.1735277998256644e+00    4.5398630331091699e-01
   6.6300000000000509e+01    1.2106592694455978e+00    2.8605066325838319e-01
   6.6400000000000503e+01    1.2303249196841088e+00    1.0582601979785847e-01
   6.6500000000000497e+01    1.2316663712266476e+00   -7.9091804810961425e-02
   6.6600000000000492e+01    1.2146240960141266e+00   -2.6049431222558150e-01
   6.6700000000000486e+01    1.1799451927279154e+00   -4.3063310258512699e-01
   6.6800000000000480e+01    1.1290871961517317e+00   -5.8318633068167858e-01
   6.6900000000000475e+01    1.0640396783740211e+00   -7.1390938049342778e-01
   6.7000000000000469e+01    9.8710137921942909e-01   -8.2086727507834778e-01
   6.7100000000000463e+01    9.0065450718171225e-01   -9.0427162510815640e-01
   6.7200000000000458e+01    8.0697052355673449e-01   -9.6603757357594833e-01
   6.7300000000000452e+01    7.0806794622299563e-01   -1.0092110188010419e+00
   6.7400000000000446e+01    6.0562820714992682e-01   -1.0373989351429351e+00
   6.7500000000000441e+01    5.0096449683847855e-01   -1.0542894050927771e+00
   6.7600000000000435e+01    3.9503242379628517e-01   -1.0632977536076813e+00
   6.7700000000000429e+01    2.8846973587561037e-01   -1.0673365950381279e+00
   6.7800000000000423e+01    1.8165380108557261e-01   -1.0686856738646446e+00
   6.7900000000000418e+01    7.4768428991258740e-02   -1.0689299846854978e+00
   6.8000000000000412e+01   -3.2125289379811725e-02   -1.0689369571096154e+00
   6.8100000000000406e+01   -1.3901686772235050e-01   -1.0688509350110376e+00
   6.8200000000000401e+01   -2.4587407223196633e-01   -1.0680927355438554e+00
   6.8300000000000395e+01   -3.5257065130290671e-01   -1.0653622424840039e+00
   6.8400000000000389e+01   -4.5881477532671688e-01   -1.0586522214328240e+00
   6.8500000000000384e+01   -5.6408013480415542e-01   -1.0452914551844881e+00
   6.8600000000000378e+01   -6.6754390187664170e-01   -1.0220438530991784e+00
   6.8700000000000372e+01   -7.6803871298593140e-01   -9.8529501242201223e-01
   6.8800000000000367e+01   -8.6402891746669441e-01   -9.3135479248794750e-01
   6.8900000000000361e+01   -9.5362353625230578e-01   -8.5688882614464845e-01
   6.9000000000000355e+01   -1.0346382047033302e+00   -7.5945985703060803e-01
   6.9100000000000350e+01   -1.1047142111697439e+00   -6.3811297206154582e-01
   6.9200000000000344e+01   -1.1614935792904211e+00   -4.9388840430412667e-01
   6.9300000000000338e+01   -1.2028356387168875e+00   -3.3011342751554251e-01
   6.9400000000000333e+01   -1.2270458226536329e+00   -1.5233676364615478e-01
   6.9500000000000327e+01   -1.2330768328901738e+00    3.2160317158318880e-02
   6.9600000000000321e+01   -1.2206613586013342e+00    2.1522470002063429e-01
   6.9700000000000315e+01   -1.1903469448716490e+00    3.8889129572122361e-01
   6.9800000000000310e+01   -1.1434249902754956e+00    5.4639931027610045e-01
   6.9900000000000304e+01   -1.0817700833946191e+00    6.8293777797627042e-01
   7.0000000000000298e+01   -1.0076244156121170e+00    7.9598670988888931e-01
   7.0100000000000293e+01   -9.2336910548689521e-01    8.8524623878289943e-01
   7.0200000000000287e+01   -8.3131944826011728e-01    9.5225075080413568e-01
   7.0300000000000281e+01   -7.3356840610783436e-01    9.9981506447371271e-01
   7.0400000000000276e+01   -6.3188785309130968e-01    1.0314537004423856e+00
   7.0500000000000270e+01   -5.2768487304010536e-01    1.0508728319505514e+00
   7.0600000000000264e+01   -4.2200301508349902e-01    1.0615833745064429e+00
   7.0700000000000259e+01   -3.1555580142495887e-01    1.0666412803734275e+00
   7.0800000000000253e+01   -2.0878062221079291e-01    1.0684949475740653e+00
   7.0900000000000247e+01   -1.0190380689556057e-01    1.0689089852961464e+00
   7.1000000000000242e+01    4.9892080132544342e-03    1.0689338927267482e+00
   7.1100000000000236e+01    1.1188194018176281e-01    1.0688977008275145e+00
   7.1200000000000230e+01    2.1875452940039353e-01    1.0684048415028888e+00
   7.1300000000000225e+01    3.2551141754993612e-01    1.0663375986876840e+00
   7.1400000000000219e+01    4.3190949368258835e-01    1.0608657413041100e+00
   7.1500000000000213e+01    5.3748822376977046e-01    1.0494799890997280e+00
   7.1600000000000207e+01    6.4150531757551343e-01    1.0290740240049572e+00
   7.1700000000000202e+01    7.4288429865939032e-01    9.9610584764541021e-01
   7.1800000000000196e+01    8.4018347331463472e-01    9.4686879169911864e-01
   7.1900000000000190e+01    9.3159834349744863e-01    8.7789053761305980e-01
   7.2000000000000185e+01    1.0150100978151211e+00    7.8645076791347779e-01
   7.2100000000000179e+01    1.0880898027695582e+00    6.7116438367070497e-01
   7.2200000000000173e+01    1.1484600448005327e+00    5.3252604877850285e-01
   7.2300000000000168e+01    1.1939031797065869e+00    3.7327254678663352e-01
   7.2400000000000162e+01    1.2225905078614749e+00    1.9841800042774280e-01
   7.2500000000000156e+01    1.2332944888062787e+00    1.4872700766080993e-02
   7.2600000000000151e+01    1.2255422835362253e+00   -1.6933522002379114e-01
   7.2700000000000145e+01    1.1996771881684496e+00   -3.4609064397800510e-01
   7.2800000000000139e+01    1.1568138993107955e+00   -5.0824250046026298e-01
   7.2900000000000134e+01    1.0986978889082544e+00   -6.5043538979343651e-01
   7.3000000000000128e+01    1.0274998600912870e+00   -7.6955912036257401e-01
   7.3100000000000122e+01    9.4558652085004558e-01   -8.6477661319159971e-01
   7.3200000000000117e+01    8.5530687411866868e-01   -9.3720500556391151e-01
   7.3300000000000111e+01    7.5882199060473032e-01   -9.8939006070345603e-01
   7.3400000000000105e+01    6.5799143884978328e-01   -1.0247208466574860e+00
   7.3500000000000099e+01    5.5431635892870024e-01   -1.0468966723267048e+00
   7.3600000000000094e+01    4.4893047606426451e-01   -1.0595074310175494e+00
   7.3700000000000088e+01    3.4262662014931733e-01   -1.0657427626188400e+00
   7.3800000000000082e+01    2.3590643833994523e-01   -1.0682149894915964e+00
   7.3900000000000077e+01    1.2904332635318647e-01   -1.0688665326624966e+00
   7.4000000000000071e+01    2.2151713813756219e-02   -1.0689305269961002e+00
   7.4100000000000065e+01   -8.4741255880749891e-02   -1.0689186715352159e+00
   7.4200000000000060e+01   -1.9162343466222811e-01   -1.0686191087183721e+00
   7.4300000000000054e+01   -2.9842532408168243e-01   -1.0670970946878156e+00
   7.4400000000000048e+01   -4.0494801864072827e-01   -1.0627014624005267e+00
   7.4500000000000043e+01   -5.1079259191692639e-01   -1.0530900232562772e+00
   7.4600000000000037e+01   -6.1529387690259674e-01   -1.0352964953486292e+00
   7.4700000000000031e+01   -7.1746423735412890e-01   -1.0058686646094728e+00
   7.4800000000000026e+01   -8.1595604202261041e-01   -9.6110909160142832e-01
   7.4900000000000020e+01   -9.0905436287531938e-01   -8.9744111587364928e-01
   7.5000000000000014e+01   -9.9471265772477413e-01   -8.1189944209550624e-01
   7.5100000000000009e+01   -1.0706422499699551e+00   -7.0270456763821665e-01
   7.5200000000000003e+01   -1.1344598421815479e+00   -5.6982962708034013e-01
   7.5299999999999997e+01   -1.1838857746855624e+00   -4.1542357392834406e-01
   7.5399999999999991e+01   -1.2169710924838213e+00   -2.4394118534087506e-01
   7.5499999999999986e+01   -1.2323180577733712e+00   -6.1870778018806138e-02
   7.5599999999999980e+01   -1.2292523038044403e+00    1.2295220774735233e-01
   7.5699999999999974e+01   -1.2079099047655601e+00    3.0233162987486184e-01
   7.5799999999999969e+01   -1.1692195955174411e+00    4.6878054574992600e-01
   7.5899999999999963e+01   -1.1147842409367299e+00    6.1642820717187385e-01
   7.5999999999999957e+01   -1.0466880606608180e+00    7.4157550916532522e-01
   7.6099999999999952e+01   -9.6726942729719601e-01    8.4282676470617024e-01
   7.6199999999999946e+01   -8.7890001625970982e-01    9.2084713666856643e-01
   7.6299999999999940e+01   -7.8380169866649174e-01    9.7787497467707118e-01
   7.6399999999999935e+01   -6.8391812890439385e-01    1.0171391986359877e+00
   7.6499999999999929e+01   -5.8084400480210441e-01    1.0423051257726847e+00
   7.6599999999999923e+01   -4.7580501624512844e-01    1.0570229733681946e+00
   7.6699999999999918e+01   -3.6967657038581719e-01    1.0646048289650163e+00
   7.6799999999999912e+01   -2.6302867457487600e-01    1.0678211582531374e+00
   7.6899999999999906e+01   -1.5618628592619344e-01    1.0687898164925265e+00
   7.6999999999999901e+01   -4.9297462660569710e-02    1.0689259082061637e+00
   7.7099999999999895e+01    5.7595325123395089e-02    1.0689247307316416e+00
   7.7199999999999889e+01    1.6448297644590482e-01    1.0687581956163712e+00
   7.7299999999999883e+01    2.7131740507032376e-01    1.0676749119022748e+00
   7.7399999999999878e+01    3.7793935042533172e-01    1.0642043294398247e+00
   7.7499999999999872e+01    4.8400720590034363e-01    1.0561755422543881e+00
   7.7599999999999866e+01    5.8892927063974365e-01    1.0407710735916962e+00
   7.7699999999999861e+01    6.9180428463172050e-01    1.0146439071790054e+00
   7.7799999999999855e+01    7.9137815778521037e-01    9.7412942969990535e-01
   7.7899999999999849e+01    8.8602779087987227e-01    9.1557845667988746e-01
   7.7999999999999844e+01    9.7378466907187344e-01    8.3581818305171307e-01
   7.8099999999999838e+01    1.0524099273500229e+00    7.3271189965406047e-01
   7.8199999999999832e+01    1.1195272808176671e+00    6.0573920750266008e-01
   7.8299999999999827e+01    1.1728098710264927e+00    4.5647010726298598e-01
   7.8399999999999821e+01    1.2102029076818519e+00    2.8878245842856032e-01
   7.8499999999999815e+01    1.2301497233712275e+00    1.0869767266623978e-01
   7.8599999999999810e+01    1.2317801097418652e+00   -7.6206295420984227e-02
   7.8699999999999804e+01    1.2150217156640708e+00   -2.5772257459397840e-01
   7.8799999999999798e+01    1.1806094980116066e+00   -4.2808778500196099e-01
   7.8899999999999793e+01    1.1299910476256609e+00   -5.8095193586198879e-01
   7.8999999999999787e+01    1.0651492191975835e+00   -7.1203513199269020e-01
   7.9099999999999781e+01    9.8837963885870694e-01   -8.1936664781680002e-01
   7.9199999999999775e+01    9.0206476283336767e-01   -9.0312735390476995e-01
   7.9299999999999770e+01    8.0847897788199496e-01   -9.6520992008756645e-01
   7.9399999999999764e+01    7.0964551407279297e-01   -1.0086469738542485e+00
   7.9499999999999758e+01    6.0725141212148037e-01   -1.0370405920161170e+00
   7.9599999999999753e+01    5.0261561514478215e-01   -1.0540805451823090e+00
   7.9699999999999747e+01    3.9669907114359304e-01   -1.0631884073511899e+00
   7.9799999999999741e+01    2.9014409064841440e-01   -1.0672858189139007e+00
   7.9899999999999736e+01    1.8333162004454656e-01   -1.0686630062606213e+00
   7.9999999999999730e+01    7.6447962665974617e-02   -1.0689160729773097e+00
   8.0099999999999724e+01   -3.0444420100613226e-02   -1.0689237638552931e+00
   8.0199999999999719e+01   -1.3733480647354462e-01   -1.0688417933977012e+00
   8.0299999999999713e+01   -2.4419186546550992e-01   -1.0681023677042167e+00
   8.0399999999999707e+01   -3.5089138525335972e-01   -1.0654166932764502e+00
   8.0499999999999702e+01   -4.5714469412292247e-01   -1.0587884999643806e+00
   8.0599999999999696e+01   -5.6242969374033314e-01   -1.0455565257854254e+00
   8.0699999999999690e+01   -6.6592866777810611e-01   -1.0224925018651108e+00
   8.0799999999999685e+01   -7.6647997370499921e-01   -9.8598608525987874e-01
   8.0899999999999679e+01   -8.6255381695447975e-01   -9.3234543052701813e-01
   8.0999999999999673e+01   -9.5226453041345538e-01   -8.5822669202096979e-01
   8.1099999999999667e+01   -1.0334316623232358e+00   -7.6117398112997392e-01
   8.1199999999999662e+01   -1.1036980872137174e+00   -6.4020466181325808e-01
   8.1299999999999656e+01   -1.1607042709180229e+00   -4.9632438790432348e-01
   8.1399999999999650e+01   -1.2023043691766748e+00   -3.3282363991611663e-01
   8.1499999999999645e+01   -1.2267951156304848e+00   -1.5521855530065948e-01
   8.1599999999999639e+01   -1.2331177467961112e+00    2.9231319996548655e-02
   8.1699999999999633e+01   -1.2209920723876975e+00    2.1237888448175496e-01
   8.1799999999999628e+01   -1.1909530168860836e+00    3.8624796490732793e-01
   8.1899999999999622e+01   -1.1442812288496198e+00    5.4405215943785756e-01
   8.1999999999999616e+01   -1.0828436072976597e+00    6.8094598287470309e-01
   8.2099999999999611e+01   -1.0088782679332864e+00    7.9437279136327776e-01
   8.2199999999999605e+01   -9.2476576875694305e-01    8.8399991281217782e-01
   8.2299999999999599e+01   -8.3282375920906393e-01    9.5133669100900720e-01
   8.2399999999999594e+01   -7.3514959984469530e-01    9.9918217371407458e-01
   8.2499999999999588e+01   -6.3352068986491128e-01    1.0310439222062524e+00
   8.2599999999999582e+01   -5.2934995943306862e-01    1.0506283221160910e+00
   8.2699999999999577e+01   -4.2368650951944198e-01    1.0614516282177715e+00
   8.2799999999999571e+01   -3.1724870459908050e-01    1.0665783609279076e+00
   8.2899999999999565e+01   -2.1047782199276172e-01    1.0684672502950623e+00
   8.2999999999999559e+01   -1.0360299892109036e-01    1.0688940409640040e+00
   8.3099999999999554e+01    3.2886509653281687e-03    1.0689206521458989e+00
   8.3199999999999548e+01    1.1018011493969558e-01    1.0688866120524181e+00
   8.3299999999999542e+01    2.1705215367676112e-01    1.0684078756654540e+00
   8.3399999999999537e+01    3.2381098164237732e-01    1.0663782179423156e+00
   8.3499999999999531e+01    4.3021639968570580e-01    1.0609786395190832e+00
   8.3599999999999525e+01    5.3581187451237344e-01    1.0497102794985596e+00
   8.3699999999999520e+01    6.3986007805991285e-01    1.0294754182915031e+00
   8.3799999999999514e+01    7.4129020343442731e-01    9.9673731232071905e-01
   8.3899999999999508e+01    8.3866650438054047e-01    9.4778924966319766e-01
   8.3999999999999503e+01    9.3019007326007985e-01    8.7915148811693045e-01
   8.4099999999999497e+01    1.0137465055360024e+00    7.8808727465829276e-01
   8.4199999999999491e+01    1.0870091565976583e+00    6.7318567654996908e-01
   8.4299999999999486e+01    1.1475999072025216e+00    5.3490777875419615e-01
   8.4399999999999480e+01    1.1932968234735200e+00    3.7595314046130346e-01
   8.4499999999999474e+01    1.2222632628552741e+00    2.0130117121661584e-01
   8.4599999999999469e+01    1.2332606849590344e+00    1.7836819634105161e-02
   8.4699999999999463e+01    1.2258034283357129e+00   -1.6642219292617605e-01
   8.4799999999999457e+01    1.2002217887097641e+00   -3.4335383055675811e-01
   8.4899999999999451e+01    1.1576189688655993e+00   -5.0578439719419932e-01
   8.4999999999999446e+01    1.0997317938335140e+00   -6.4832521380206665e-01
   8.5099999999999440e+01    1.0287258997041551e+00   -7.6782891301135192e-01
   8.5199999999999434e+01    9.4696656585002748e-01   -8.6342376222055706e-01
   8.5299999999999429e+01    8.5680450572183953e-01   -9.3619932800701833e-01
   8.5399999999999423e+01    7.6040480512965281e-01   -9.8868301262313063e-01
   8.5499999999999417e+01    6.5963241765427172e-01   -1.0242547040488523e+00
   8.5599999999999412e+01    5.5599438385543454e-01   -1.0466122759522714e+00
   8.5699999999999406e+01    4.5063016981889437e-01   -1.0593499024851949e+00
   8.5799999999999400e+01    3.4433771693677517e-01   -1.0656652245309979e+00
   8.5899999999999395e+01    2.3762286683930808e-01   -1.0681806778666141e+00
   8.5999999999999389e+01    1.3076214064131833e-01   -1.0688498098918782e+00
   8.6099999999999383e+01    2.3871957875671826e-02   -1.0689172670445770e+00
   8.6199999999999378e+01   -8.3019706070457305e-02   -1.0689063696603689e+00
   8.6299999999999372e+01   -1.8990103521814861e-01   -1.0686169145691684e+00
   8.6399999999999366e+01   -2.9670402892825543e-01   -1.0671258041712952e+00
   8.6499999999999361e+01   -4.0323243763593031e-01   -1.0627933386111954e+00
   8.6599999999999355e+01   -5.0909111103454663e-01   -1.0532881556510532e+00
   8.6699999999999349e+01   -6.1361967369517301e-01   -1.0356532651572785e+00
   8.6799999999999343e+01   -7.1583607682228656e-01   -1.0064428009895741e+00
   8.6899999999999338e+01   -8.1439868706679130e-01   -9.6196084226255507e-01
   8.6999999999999332e+01   -9.0759839606005610e-01   -8.9862530019698861e-01
   8.7099999999999326e+01   -9.9339351124411512e-01   -8.1345666804106542e-01
   8.7199999999999321e+01   -1.0694983053911071e+00   -7.0465165611443770e-01
   8.7299999999999315e+01   -1.1335296083649271e+00   -5.7215112266805135e-01
   8.7399999999999309e+01   -1.1832043720264167e+00   -4.1806677429678746e-01
   8.7499999999999304e+01   -1.2165665143392310e+00   -2.4681696315245569e-01
   8.7599999999999298e+01   -1.2322078587698362e+00   -6.4861338664182311e-02
   8.7699999999999292e+01   -1.2294413872704693e+00    1.1997940822628544e-01
   8.7799999999999287e+01   -1.2083899002797822e+00    2.9950659391305534e-01
   8.7899999999999281e+01   -1.1699699692429320e+00    4.6621404926450172e-01
   8.7999999999999275e+01   -1.1157748824215588e+00    6.1419947741182035e-01
   8.8099999999999270e+01   -1.0478827819363377e+00    7.3972650126562567e-01
   8.8199999999999264e+01   -9.6862968960956319e-01    8.4136319712413843e-01
   8.8299999999999258e+01   -8.8038827616472926e-01    9.1974471301818794e-01
   8.8399999999999253e+01   -7.8538397238862501e-01    9.7708838458848590e-01
   8.8499999999999247e+01   -6.8556561654565829e-01    1.0166115824690591e+00
   8.8599999999999241e+01   -5.8253381662439196e-01    1.0419763665215709e+00
   8.8699999999999235e+01   -4.7752016482607962e-01    1.0568360180536205e+00
   8.8799999999999230e+01   -3.7140543553613936e-01    1.0645099373202205e+00
   8.8899999999999224e+01   -2.6476413439896307e-01    1.0677784054007466e+00
   8.8999999999999218e+01   -1.5792466415061127e-01    1.0687703513445177e+00
   8.9099999999999213e+01   -5.1037391260188053e-02    1.0689124647461183e+00
   8.9199999999999207e+01    5.5854073992577608e-02    1.0689117840007680e+00
   8.9299999999999201e+01    1.6274066711423138e-01    1.0687520045709273e+00
   8.9399999999999196e+01    2.6957551760305770e-01    1.0676935272971801e+00
   8.9499999999999190e+01    3.7620175590261684e-01    1.0642774778788817e+00
   8.9599999999999184e+01    4.8228131399632967e-01    1.0563441326575183e+00
   8.9699999999999179e+01    5.8722709264530570e-01    1.0410859218102246e+00
   8.9799999999999173e+01    6.9014330882083685e-01    1.0151631700748518e+00
   8.9899999999999167e+01    7.8978188198674359e-01    9.7491424057620657e-01
   8.9999999999999162e+01    8.8452571373718047e-01    9.1668644059922244e-01
   9.0099999999999156e+01    9.7241152935539665e-01    8.3729497786316665e-01
   9.0199999999999150e+01    1.0512040272050200e+00    7.3458152529704890e-01
   9.0299999999999145e+01    1.1185278557368910e+00    6.0799497970884342e-01
   9.0399999999999139e+01    1.1720536759147671e+00    4.5906846550071595e-01
   9.0499999999999133e+01    1.2097204351642834e+00    2.9164213747282897e-01
   9.0599999999999127e+01    1.2299616772441309e+00    1.1170575725028822e-01
   9.0699999999999122e+01    1.2318948266851315e+00   -7.3181680294982232e-02
   9.0799999999999116e+01    1.2154340975487186e+00   -2.5481528352669142e-01
   9.0899999999999110e+01    1.1813016991284737e+00   -4.2541622331665896e-01
   9.0999999999999105e+01    1.1309347567170158e+00   -5.7860518198578270e-01
   9.1099999999999099e+01    1.0663090292043396e+00   -7.1006535381172509e-01
   9.1199999999999093e+01    9.8971682267308114e-01   -8.1778850848808737e-01
   9.1299999999999088e+01    9.0354080400550674e-01   -9.0192318855306697e-01
   9.1399999999999082e+01    8.1005839010444125e-01   -9.6433836635463854e-01
   9.1499999999999076e+01    7.1129772841203442e-01   -1.0080526170808302e+00
   9.1599999999999071e+01    6.0895173001961433e-01   -1.0366627637298222e+00
   9.1699999999999065e+01    5.0434536972571187e-01   -1.0538602571937181e+00
   9.1799999999999059e+01    3.9844520154214813e-01   -1.0630731629762713e+00
   9.1899999999999054e+01    2.9189833234925538e-01   -1.0672325481147884e+00
   9.1999999999999048e+01    1.8508947570418885e-01   -1.0686396078955522e+00
   9.2099999999999042e+01    7.8207566561311864e-02   -1.0689020807929828e+00
   9.2199999999999037e+01   -2.8683478864677509e-02   -1.0689105656657629e+00
   9.2299999999999031e+01   -1.3557267290525471e-01   -1.0688326890402247e+00
   9.2399999999999025e+01   -2.4242961113541417e-01   -1.0681125875115816e+00
   9.2499999999999019e+01   -3.4913219936520284e-01   -1.0654733301333663e+00
   9.2599999999999014e+01   -4.5539505519619317e-01   -1.0589301400338316e+00
   9.2699999999999008e+01   -5.6070047433835157e-01   -1.0458322049914892e+00
   9.2799999999999002e+01   -6.6423608084189489e-01   -1.0229594932667245e+00
   9.2899999999998997e+01   -7.6484621685028631e-01   -9.8670598890833394e-01
   9.2999999999998991e+01   -8.6100722313943245e-01   -9.3337817017847413e-01
   9.3099999999998985e+01   -9.5083901054782827e-01   -8.5962240372226384e-01
   9.3199999999998980e+01   -1.0321652548100086e+00   -7.6296344017470452e-01
   9.3299999999998974e+01   -1.1026305359572031e+00   -6.4238974569843621e-01
   9.3399999999998968e+01   -1.1598737438243671e+00   -4.9887084004599924e-01
   9.3499999999998963e+01   -1.2017436746914842e+00   -3.3565865805241923e-01
   9.3599999999998957e+01   -1.2265280035566117e+00   -1.5823508746716719e-01
   9.3699999999998951e+01   -1.2331559941462094e+00    2.6163301003084616e-02
   9.3799999999998946e+01   -1.2213339767626230e+00    2.0939598138160143e-01
   9.3899999999998940e+01   -1.1915836397837898e+00    3.8347543918427140e-01
   9.3999999999998934e+01   -1.1451743311872424e+00    5.4158864884313662e-01
   9.4099999999998929e+01   -1.0839648403092681e+00    6.7885406069467624e-01
   9.4199999999998923e+01   -1.0101889547928227e+00    7.9267662066640121e-01
   9.4299999999998917e+01   -9.2622659255499251e-01    8.8268919576008753e-01
   9.4399999999998911e+01   -8.3439782851293920e-01    9.5037475533395910e-01
   9.4499999999998906e+01   -7.3680460487489952e-01    9.9851567729815338e-01
   9.4599999999998900e+01   -6.3523009699535959e-01    1.0306121018200889e+00
   9.4699999999998894e+01   -5.3109335924202583e-01    1.0503705372418037e+00
   9.4799999999998889e+01   -4.2544931662417129e-01    1.0613127642161695e+00
   9.4899999999998883e+01   -3.1902141965761044e-01    1.0665122385571095e+00
   9.4999999999998877e+01   -2.1225503419330333e-01    1.0684384923630161e+00
   9.5099999999998872e+01   -1.0538225677176413e-01    1.0688789247791148e+00
   9.5199999999998866e+01    1.5080232409666605e-03    1.0689074120470752e+00
   9.5299999999998860e+01    1.0839821812470418e-01    1.0688755207753280e+00
   9.5399999999998855e+01    2.1526971898499864e-01    1.0684112705847744e+00
   9.5499999999998849e+01    3.2203057655704914e-01    1.0664204681931213e+00
   9.5599999999998843e+01    4.2844362098030020e-01    1.0610958794351271e+00
   9.5699999999998838e+01    5.3405648944958850e-01    1.0499495698400458e+00
   9.5799999999998832e+01    6.3813703370305197e-01    1.0298928602855153e+00
   9.5899999999998826e+01    7.3962037245852863e-01    9.9739457629369233e-01
   9.5999999999998820e+01    8.3707698452661827e-01    9.4874806327005545e-01
   9.6099999999998815e+01    9.2871382559268090e-01    8.8046594411261936e-01
   9.6199999999998809e+01    1.0124211302933281e+00    7.8979441732757250e-01
   9.6299999999998803e+01    1.0858746916503070e+00    6.7529565637609379e-01
   9.6399999999998798e+01    1.1466957062843439e+00    5.3739569877436644e-01
   9.6499999999998792e+01    1.1926578107337262e+00    3.7875515386939362e-01
   9.6599999999998786e+01    1.2219161047817091e+00    2.0431699764720823e-01
   9.6699999999998781e+01    1.2332205751008851e+00    2.0939445388100414e-02
   9.6799999999998775e+01    1.2260721550237008e+00   -1.6337095527907172e-01
   9.6899999999998769e+01    1.2007875202627223e+00   -3.4048521002284288e-01
   9.6999999999998764e+01    1.1584578047736434e+00   -5.0320616335591306e-01
   9.7099999999998758e+01    1.1008107273497427e+00   -6.4611042080160697e-01
   9.7199999999998752e+01    1.0300065588956693e+00   -7.6601170629976023e-01
   9.7299999999998747e+01    9.4840902656936177e-01   -8.6200192485328264e-01
   9.7399999999998741e+01    8.5837058946231815e-01   -9.3514163971512276e-01
   9.7499999999998735e+01    7.6206050675766623e-01   -9.8793887539288894e-01
   9.7599999999998730e+01    6.6134935464649203e-01   -1.0237637677838094e+00
   9.7699999999998724e+01    5.5775034862174744e-01   -1.0463125770168247e+00
   9.7799999999998718e+01    4.5240897196987212e-01   -1.0591838821866717e+00
   9.7899999999998712e+01    3.4612853051578324e-01   -1.0655836536965329e+00
   9.7999999999998707e+01    2.3941927379779959e-01   -1.0681448901446280e+00
   9.8099999999998701e+01    1.3256101338729487e-01   -1.0688327754114155e+00
   9.8199999999998695e+01    2.5672271348423037e-02   -1.0689040017406966e+00
   9.8299999999998690e+01   -8.1218086153288252e-02   -1.0688940514503860e+00
   9.8399999999998684e+01   -1.8809857056895402e-01   -1.0686149172849744e+00
   9.8499999999998678e+01   -2.9490272856136401e-01   -1.0671556891347278e+00
   9.8599999999998673e+01   -4.0143706995660416e-01   -1.0628886709673173e+00
   9.8699999999998667e+01   -5.0731037689285796e-01   -1.0534938438520767e+00
   9.8799999999998661e+01   -6.1186727127711660e-01   -1.0360239737067989e+00
   9.8899999999998656e+01   -7.1413153907829785e-01   -1.0070398978034725e+00
   9.8999999999998650e+01   -8.1276781901681705e-01   -9.6284738031763384e-01
   9.9099999999998644e+01   -9.0607309973789951e-01   -8.9985878461821056e-01
   9.9199999999998639e+01   -9.9201078535513976e-01   -8.1507989201960285e-01
   9.9299999999998633e+01   -1.0682982731549500e+00   -7.0668268333769813e-01
   9.9399999999998627e+01   -1.1325525792070410e+00   -5.7457436893995117e-01
   9.9499999999998622e+01   -1.1824871717329675e+00   -4.2082772836740456e-01
   9.9599999999998616e+01   -1.2161385724659828e+00   -2.4982293596811275e-01
   9.9699999999998610e+01   -1.2320877310719653e+00   -6.7989464005318162e-02
   9.9799999999998604e+01   -1.2296344177326903e+00    1.1686769757962140e-01
   9.9899999999998599e+01   -1.2088875410883502e+00    2.9654750098829663e-01
   9.9999999999998593e+01   -1.1707509146441313e+00    4.6352391227834133e-01
