   0.0000000000000000e+00    1.2273144833055316e+00   -1.2161008377873600e-01
   1.0000000000000001e-01    1.2091180008030353e+00   -2.4202013481051043e-01
   2.0000000000000001e-01    1.1789901129723268e+00   -3.6004196374293140e-01
   3.0000000000000004e-01    1.1372281177125738e+00   -4.7451094787768028e-01
   4.0000000000000002e-01    1.0842441166470642e+00   -5.8429752350241082e-01
   5.0000000000000000e-01    1.0205609485610880e+00   -6.8831833226537553e-01
   5.9999999999999998e-01    9.4680703010120704e-01   -7.8554691160193346e-01
   6.9999999999999996e-01    8.6371015464717693e-01   -8.7502382372132892e-01
   7.9999999999999993e-01    7.7209031054839283e-01   -9.5586612320233633e-01
   8.9999999999999991e-01    6.7285158959349811e-01   -1.0272760697728858e+00
   9.9999999999999989e-01    5.6697326555924743e-01   -1.0885490002972009e+00
   1.0999999999999999e+00    4.5550013087425462e-01   -1.1390802822908024e+00
   1.2000000000000000e+00    3.3953218675407126e-01   -1.1783712803470880e+00
   1.3000000000000000e+00    2.2021378854389512e-01   -1.2060342765996466e+00
   1.4000000000000001e+00    9.8722353381140091e-02   -1.2217962966658924e+00
   1.5000000000000002e+00   -2.3743258390936675e-02   -1.2255018033181662e+00
   1.6000000000000003e+00   -1.4597457340797743e-01   -1.2171142313015488e+00
   1.7000000000000004e+00   -2.6676543032904249e-01   -1.1967163481530405e+00
   1.8000000000000005e+00   -3.8492388206624867e-01   -1.1645094374616072e+00
   1.9000000000000006e+00   -4.9928395775000878e-01   -1.1208113126285835e+00
   2.0000000000000004e+00   -6.0871716836446188e-01   -1.0660531807283826e+00
   2.1000000000000005e+00   -7.1214364251711415e-01   -1.0007753874165042e+00
   2.2000000000000006e+00   -8.0854278245649380e-01   -9.2562208487350373e-01
   2.3000000000000007e+00   -8.9696333518574967e-01   -8.4133487540091345e-01
   2.4000000000000008e+00   -9.7653277929187587e-01   -7.4874549339322394e-01
   2.5000000000000009e+00   -1.0464659348626677e+00   -6.4876759789920790e-01
   2.6000000000000010e+00   -1.1060727115299736e+00   -5.4238775676244111e-01
   2.7000000000000011e+00   -1.1547649181826614e+00   -4.3065571130826008e-01
   2.8000000000000012e+00   -1.1920620671520237e+00   -3.1467401764385822e-01
   2.9000000000000012e+00   -1.2175961155947559e+00   -1.9558716678971683e-01
   3.0000000000000013e+00   -1.2311150972862233e+00   -7.4570291003382805e-02
   3.1000000000000014e+00   -1.2324856089860095e+00    4.7182432260000337e-02
   3.2000000000000015e+00   -1.2216941268406567e+00    1.6846956432232496e-01
   3.3000000000000016e+00   -1.1988471398335399e+00    2.8809426090971646e-01
   3.4000000000000017e+00   -1.1641700989650221e+00    4.0487608244264023e-01
   3.5000000000000018e+00   -1.1180051925322527e+00    5.1766264244664550e-01
   3.6000000000000019e+00   -1.0608079694618449e+00    6.2534097913887632e-01
   3.7000000000000020e+00   -9.9314284401592778e-01    7.2684853797714521e-01
   3.8000000000000020e+00   -9.1567752623051002e-01    8.2118365679733274e-01
   3.9000000000000021e+00   -8.2917643304581834e-01    9.0741545007326374e-01
   4.0000000000000018e+00   -7.3449314514665909e-01    9.8469299476259087e-01
   4.1000000000000014e+00   -6.3256198394764873e-01    1.0522537270940637e+00
   4.2000000000000011e+00   -5.2438879184044473e-01    1.1094309674378853e+00
   4.3000000000000007e+00   -4.1104100668220428e-01    1.1556604990048085e+00
   4.4000000000000004e+00   -2.9363712846882700e-01    1.1904861354563143e+00
   4.5000000000000000e+00   -1.7333568213436817e-01    1.2135642224854930e+00
   4.5999999999999996e+00   -5.1323785390165952e-02    1.2246670289476786e+00
   4.6999999999999993e+00    7.1194565585364356e-02    1.2236849940776557e+00
   4.7999999999999989e+00    1.9301037701110768e-01    1.2106278086182289e+00
   4.8999999999999986e+00    3.1292158768310507e-01    1.1856243191917493e+00
   4.9999999999999982e+00    4.2974493074455822e-01    1.1489212568582592e+00
   5.0999999999999979e+00    5.4232760999571383e-01    1.1008808024066836e+00
   5.1999999999999975e+00    6.4955867552345370e-01    1.0419770124044410e+00
   5.2999999999999972e+00    7.5037998639749004e-01    9.7279114127273059e-01
   5.3999999999999968e+00    8.4379665225483369e-01    8.9400590554860893e-01
   5.4999999999999964e+00    9.2888685073646293e-01    8.0639874693332048e-01
   5.5999999999999961e+00    1.0048109238991234e+00    7.1083416060618521e-01
   5.6999999999999957e+00    1.0708196638401619e+00    6.0825516450716710e-01
   5.7999999999999954e+00    1.1262617057740305e+00    4.9967399376805166e-01
   5.8999999999999950e+00    1.1705899556066388e+00    3.8616211211827939e-01
   5.9999999999999947e+00    1.2033669885811706e+00    2.6883963883148099e-01
   6.0999999999999943e+00    1.2242693657223074e+00    1.4886429554611919e-01
   6.1999999999999940e+00    1.2330908254848070e+00    2.7419982031455667e-02
   6.2999999999999936e+00    1.2297443191117206e+00   -9.4294906368424802e-02
   6.3999999999999932e+00    1.2142628696176321e+00   -2.1507930433071815e-01
   6.4999999999999929e+00    1.1867992459206125e+00   -3.3374132849681948e-01
   6.5999999999999925e+00    1.1476244553385238e+00   -4.4911003880875799e-01
   6.6999999999999922e+00    1.0971250693255226e+00   -5.6004699317994344e-01
   6.7999999999999918e+00    1.0357994088380327e+00   -6.6545748148036910e-01
   6.8999999999999915e+00    9.6425262697247194e-01   -7.6430132798089667e-01
   6.9999999999999911e+00    8.8319073739858334e-01   -8.5560315565963552e-01
   7.0999999999999908e+00    7.9341364751496102e-01   -9.3846201108369809e-01
   7.1999999999999904e+00    6.9580726507462143e-01   -1.0120602548893676e+00
   7.2999999999999901e+00    5.9133475617133524e-01   -1.0756716301306848e+00
   7.3999999999999897e+00    4.8102704085168657e-01   -1.1286684288791429e+00
   7.4999999999999893e+00    3.6597262014082749e-01   -1.1705276863555072e+00
   7.5999999999999890e+00    2.4730683486740845e-01   -1.2008363414709569e+00
   7.6999999999999886e+00    1.2620066228009055e-01   -1.2192953128540716e+00
   7.7999999999999883e+00    3.8491610090503892e-03   -1.2257224501420181e+00
   7.8999999999999879e+00   -1.1854032160403048e-01   -1.2200543314130288e+00
   7.9999999999999876e+00   -2.3976006343908701e-01   -1.2023468890233766e+00
   8.0999999999999872e+00   -3.5861388522889326e-01   -1.1727748576731931e+00
   8.1999999999999869e+00   -4.7392895428688486e-01   -1.1316300501475511e+00
   8.2999999999999865e+00   -5.8456735785406511e-01   -1.0793184777475739e+00
   8.3999999999999861e+00   -6.8943733186084544e-01   -1.0163563438267629e+00
   8.4999999999999858e+00   -7.8750403429999027e-01   -9.4336494996777776e-01
   8.5999999999999854e+00   -8.7779975690055034e-01   -8.6106456506481066e-01
   8.6999999999999851e+00   -9.5943347433543602e-01   -7.7026731781059699e-01
   8.7999999999999847e+00   -1.0315996367324101e+00   -6.7186918272401042e-01
   8.8999999999999844e+00   -1.0935861187252522e+00   -5.6684113879900000e-01
   8.9999999999999840e+00   -1.1447812466049938e+00   -4.5621958802008522e-01
   9.0999999999999837e+00   -1.1846798342283007e+00   -3.4109612829315245e-01
   9.1999999999999833e+00   -1.2128881681215242e+00   -2.2260678171083589e-01
   9.2999999999999829e+00   -1.2291278925881344e+00   -1.0192078444644530e-01
   9.3999999999999826e+00   -1.2332387564818570e+00    1.9770951103811246e-02
   9.4999999999999822e+00   -1.2251801945407623e+00    1.4126758807635467e-01
   9.5999999999999819e+00   -1.2050317276779379e+00    2.6137021482884715e-01
   9.6999999999999815e+00   -1.1729921782787507e+00    3.7889367563083454e-01
   9.7999999999999812e+00   -1.1293777082480503e+00    4.9267826561283629e-01
   9.8999999999999808e+00   -1.0746186991676001e+00    6.0160117456977935e-01
   9.9999999999999805e+00   -1.0092555053499201e+00    7.0458756669294453e-01
   1.0099999999999980e+01   -9.3393312169681852e-01    8.0062118689720074e-01
   1.0199999999999980e+01   -8.4939481897944713e-01    8.8875438908179494e-01
   1.0299999999999979e+01   -7.5647480934605005e-01    9.6811748736724612e-01
   1.0399999999999979e+01   -6.5609001443315207e-01    1.0379273380316667e+00
   1.0499999999999979e+01   -5.4923101731131485e-01    1.0974950674611874e+00
   1.0599999999999978e+01   -4.3695228755039128e-01    1.1462328698561750e+00
   1.0699999999999978e+01   -3.2036177586196413e-01    1.1836598076144491e+00
   1.0799999999999978e+01   -2.0060998099757388e-01    1.2094065571541517e+00
   1.0899999999999977e+01   -7.8878596789047198e-02    1.2232190533451719e+00
   1.0999999999999977e+01    4.3631148639667189e-02    1.2249609965864086e+00
   1.1099999999999977e+01    1.6571034642214091e-01    1.2146151977893989e+00
   1.1199999999999976e+01    2.8615433629143150e-01    1.1922837479962236e+00
   1.1299999999999976e+01    4.0377459399730925e-01    1.1581870109579360e+00
   1.1399999999999975e+01    5.1741045949539233e-01    1.1126614486146258e+00
   1.1499999999999975e+01    6.2594059017607939e-01    1.0561563009349886e+00
   1.1599999999999975e+01    7.2829402611443883e-01    9.8922915287828972e-01
   1.1699999999999974e+01    8.2346075815073738e-01    9.1254043222333148e-01
   1.1799999999999974e+01    9.1050169451728935e-01    8.2684689255908217e-01
   1.1899999999999974e+01    9.8855792766236950e-01    7.3299414574591026e-01
   1.1999999999999973e+01    1.0568592098274894e+00    6.3190831753605237e-01
   1.2099999999999973e+01    1.1147315537422504e+00    5.2458690869448532e-01
   1.2199999999999973e+01    1.1616038834342000e+00    4.1208895180138050e-01
   1.2299999999999972e+01    1.1970136695244540e+00    2.9552456086743251e-01
   1.2399999999999972e+01    1.2206114934007972e+00    1.7604397688498946e-01
   1.2499999999999972e+01    1.2321644952296611e+00    5.4826217411944850e-02
   1.2599999999999971e+01    1.2315586717824978e+00   -6.6932557807301118e-02
   1.2699999999999971e+01    1.2188000014019424e+00   -1.8803085037739886e-01
   1.2799999999999971e+01    1.1940143850067688e+00   -3.0727367946850237e-01
   1.2899999999999970e+01    1.1574464037178120e+00   -4.2348437371814790e-01
   1.2999999999999970e+01    1.1094569053644439e+00   -5.3551618245773891e-01
   1.3099999999999969e+01    1.0505194436876304e+00   -6.4226359168569636e-01
   1.3199999999999969e+01    9.8121560537702834e-01   -7.4267323312285494e-01
   1.3299999999999969e+01    9.0222927105427175e-01   -8.3575427870109364e-01
   1.3399999999999968e+01    8.1433986683427018e-01   -9.2058821791386247e-01
   1.3499999999999968e+01    7.1841467305717088e-01   -9.9633792154709955e-01
   1.3599999999999968e+01    6.1540026608734377e-01   -1.0622559023509337e+00
   1.3699999999999967e+01    5.0631317763051897e-01   -1.1176916911370405e+00
   1.3799999999999967e+01    3.9222986374162633e-01   -1.1620982555153787e+00
   1.3899999999999967e+01    2.7427608250775842e-01   -1.1950373979311320e+00
   1.3999999999999966e+01    1.5361578522578953e-01   -1.2161840797348031e+00
   1.4099999999999966e+01    3.1439630694945764e-02   -1.2253296286161650e+00
   1.4199999999999966e+01   -9.1046764036330441e-02   -1.2223837977515748e+00
   1.4299999999999965e+01   -2.1263472052924842e-01   -1.2073756563452946e+00
   1.4399999999999965e+01   -3.3212442602274572e-01   -1.1804533027770978e+00
   1.4499999999999964e+01   -4.4833677301615021e-01   -1.1418824031867938e+00
   1.4599999999999964e+01   -5.6012499453510012e-01   -1.0920435699167312e+00
   1.4699999999999964e+01   -6.6638598026556517e-01   -1.0314286056814526e+00
   1.4799999999999963e+01   -7.6607116188996160e-01   -9.6063565052651723e-01
   1.4899999999999963e+01   -8.5819686021040809e-01   -8.8036327946563464e-01
   1.4999999999999963e+01   -9.4185399195517927e-01   -7.9140360903980278e-01
   1.5099999999999962e+01   -1.0162170404829720e+00   -6.9463448082196544e-01
   1.5199999999999962e+01   -1.0805522018633513e+00   -5.9101079899927300e-01
   1.5299999999999962e+01   -1.1342246259490161e+00   -4.8155510751247149e-01
   1.5399999999999961e+01   -1.1767046809860204e+00   -3.6734749973588721e-01
   1.5499999999999961e+01   -1.2075731799436729e+00   -2.4951496026786812e-01
   1.5599999999999961e+01   -1.2265255169914442e+00   -1.2922024400539492e-01
   1.5699999999999960e+01   -1.2333746733047279e+00   -7.6504022425887414e-03
   1.5799999999999960e+01   -1.2280530625386035e+00    1.1399493098404155e-01
   1.5899999999999959e+01   -1.2106131977587404e+00    2.3451537671491940e-01
   1.5999999999999959e+01   -1.1812271732482829e+00    3.5272165623735796e-01
   1.6099999999999959e+01   -1.1401849663041839e+00    4.6744732671969152e-01
   1.6199999999999960e+01   -1.0878915757806409e+00    5.7756029150400301e-01
   1.6299999999999962e+01   -1.0248630256160962e+00    6.8197397147550876e-01
   1.6399999999999963e+01   -9.5172127278044760e-01    7.7965802727111055e-01
   1.6499999999999964e+01   -8.6918806989014330e-01    8.6964852652188152e-01
   1.6599999999999966e+01   -7.7807784305402028e-01    9.5105745580058221e-01
   1.6699999999999967e+01   -6.7928965523031026e-01    1.0230814834116608e+00
   1.6799999999999969e+01   -5.7379833439928385e-01    1.0850098865537749e+00
   1.6899999999999970e+01   -4.6264485409748168e-01    1.1362315646307246e+00
   1.6999999999999972e+01   -3.4692606123707237e-01    1.1762410695044505e+00
   1.7099999999999973e+01   -2.2778385257477188e-01    1.2046435931844235e+00
   1.7199999999999974e+01   -1.0639390663540796e-01    1.2211588637356259e+00
   1.7299999999999976e+01    1.6045917718079075e-02    1.2256239109608713e+00
   1.7399999999999977e+01    1.3832740158692258e-01    1.2179946745661134e+00
   1.7499999999999979e+01    2.5924388857002767e-01    1.1983464389396126e+00
   1.7599999999999980e+01    3.7760219187880351e-01    1.1668730902546360e+00
   1.7699999999999982e+01    4.9223436853560382e-01    1.1238852032265136e+00
   1.7799999999999983e+01    6.0200924446965087e-01    1.0698069764036753e+00
   1.7899999999999984e+01    7.0584357678242848e-01    1.0051720462347997e+00
   1.7999999999999986e+01    8.0271274303489071e-01    9.3061822121828552e-01
   1.8099999999999987e+01    8.9166085207611756e-01    8.4688118809672530e-01
   1.8199999999999989e+01    9.7181017664119718e-01    7.5478725220278198e-01
   1.8299999999999990e+01    1.0423698146387994e+00    6.5524518359372075e-01
   1.8399999999999991e+01    1.1026434936600906e+00    5.4923724943579999e-01
   1.8499999999999993e+01    1.1520364416952096e+00    4.3780952112969718e-01
   1.8599999999999994e+01    1.1900612562580566e+00    3.2206155182489471e-01
   1.8699999999999996e+01    1.2163427140037173e+00    2.0313552618386432e-01
   1.8799999999999997e+01    1.2306214733779084e+00    8.2204989464650186e-02
   1.8899999999999999e+01    1.2327566337612390e+00   -3.9536732858322668e-02
   1.9000000000000000e+01    1.2227271258550301e+00   -1.6088831066166528e-01
   1.9100000000000001e+01    1.2006319195885748e+00   -2.8065226372902941e-01
   1.9200000000000003e+01    1.1666890474962581e+00   -3.9764677831661488e-01
   1.9300000000000004e+01    1.1212334532017261e+00   -5.1071736912398180e-01
   1.9400000000000006e+01    1.0647136862399773e+00   -6.1874827159148982e-01
   1.9500000000000007e+01    9.9768747583241757e-01   -7.2067345210678657e-01
   1.9600000000000009e+01    9.2081622729225709e-01   -8.1548712747318830e-01
   1.9700000000000010e+01    8.3485849536895773e-01   -9.0225368983533261e-01
   1.9800000000000011e+01    7.4066249893585834e-01   -9.8011693912434650e-01
   1.9900000000000013e+01    6.3915775088499671e-01   -1.0483085319180754e+00
   2.0000000000000014e+01    5.3134588582415432e-01   -1.1061555633442242e+00
   2.0100000000000016e+01    4.1829077608712367e-01   -1.1530872072092735e+00
   2.0200000000000017e+01    3.0110803359102323e-01   -1.1886403488293300e+00
   2.0300000000000018e+01    1.8095400113485477e-01   -1.2124641549789450e+00
   2.0400000000000020e+01    5.9014341771621681e-02   -1.2243235358623066e+00
   2.0500000000000021e+01   -6.3507661147523722e-02   -1.2241014649445776e+00
   2.0600000000000023e+01   -1.8540297780358883e-01   -1.2118001337516269e+00
   2.0700000000000024e+01   -3.0546876244522320e-01   -1.1875409302427684e+00
   2.0800000000000026e+01   -4.2252022290053592e-01   -1.1515632409699395e+00
   2.0900000000000027e+01   -5.3540231193858367e-01   -1.1042220888434573e+00
   2.1000000000000028e+01   -6.4300112511182828e-01   -1.0459846298145634e+00
   2.1100000000000030e+01   -7.4425489260726940e-01   -9.7742554304501195e-01
   2.1200000000000031e+01   -8.3816445664022365e-01   -8.9922136005287279e-01
   2.1300000000000033e+01   -9.2380313100131628e-01   -8.1214378879375115e-01
   2.1400000000000034e+01   -1.0003258454640769e+00   -7.1705209855445984e-01
   2.1500000000000036e+01   -1.0669774848174267e+00   -6.1488464080395067e-01
   2.1600000000000037e+01   -1.1231003402346740e+00   -5.0664958967256024e-01
   2.1700000000000038e+01   -1.1681405994499732e+00   -3.9341499343122449e-01
   2.1800000000000040e+01   -1.2016538116981175e+00   -2.7629823514126661e-01
   2.1900000000000041e+01   -1.2233092734904223e+00   -1.5645500647558652e-01
   2.2000000000000043e+01   -1.2328932919485007e+00   -3.5067903516031410e-02
   2.2100000000000044e+01   -1.2303112934938267e+00    8.6665242937986442e-02
   2.2200000000000045e+01   -1.2155887570848518e+00    2.0754318739475641e-01
   2.2300000000000047e+01   -1.1888709627926399e+00    3.2637312339107910e-01
   2.2400000000000048e+01   -1.1504215581960542e+00    4.4198245393777708e-01
   2.2500000000000050e+01   -1.1006199567431241e+00    5.5323036254081392e-01
   2.2600000000000051e+01   -1.0399575937512073e+00    6.5901907061682430e-01
   2.2700000000000053e+01   -9.6903307699122709e-01    7.5830467021647185e-01
   2.2800000000000054e+01   -8.8854627970934486e-01    8.5010742515985904e-01
   2.2900000000000055e+01   -7.9929143437531402e-01    9.3352143893384620e-01
   2.3000000000000057e+01   -7.0214929530744030e-01    1.0077235939498441e+00
   2.3100000000000058e+01   -5.9807844751227213e-01    1.0719816739507577e+00
   2.3200000000000060e+01   -4.8810584750217367e-01    1.1256615894163262e+00
   2.3300000000000061e+01   -3.7331668943266677e-01    1.1682336346675954e+00
   2.3400000000000063e+01   -2.5484369655907463e-01    1.1992777149263094e+00
   2.3500000000000064e+01   -1.3385594368286874e-01    1.2184874917493544e+00
   2.3600000000000065e+01   -1.1547320886244106e-02    1.2256734059317071e+00
   2.3700000000000067e+01    1.1087524760683466e-01    1.2207645480483220e+00
   2.3800000000000068e+01    2.3220371318849908e-01    1.2038093581767324e+00
   2.3900000000000070e+01    3.5124082371994469e-01    1.1749751478956161e+00
   2.4000000000000071e+01    4.6681193784620895e-01    1.1345464492761910e+00
   2.4100000000000072e+01    5.7777661619077092e-01    1.0829222071583771e+00
   2.4200000000000074e+01    6.8303987504970631e-01    1.0206118424179627e+00
   2.4300000000000075e+01    7.8156299153553832e-01    9.4823022507191201e-01
   2.4400000000000077e+01    8.7237375354715718e-01    8.6649160682651638e-01
   2.4500000000000078e+01    9.5457605342056207e-01    7.7620257294115913e-01
   2.4600000000000080e+01    1.0273587305916432e+00    6.7825408295772105e-01
   2.4700000000000081e+01    1.0900035760128688e+00    5.7361267883659561e-01
   2.4800000000000082e+01    1.1418924193374331e+00    4.6331094725619537e-01
   2.4900000000000084e+01    1.1825132289355491e+00    3.4843733019264234e-01
   2.5000000000000085e+01    1.2114651645487970e+00    2.3012538432740876e-01
   2.5100000000000087e+01    1.2284625327236662e+00    1.0954259526956475e-01
   2.5200000000000088e+01    1.2333376059926449e+00   -1.2121143027688033e-02
   2.5300000000000090e+01    1.2260422779835907e+00   -1.3366526997270201e-01
   2.5400000000000091e+01    1.2066485381250156e+00   -2.5389040529779305e-01
   2.5500000000000092e+01    1.1753477612629730e+00   -3.7161018437422200e-01
   2.5600000000000094e+01    1.1324488191995250e+00   -4.8566296509053153e-01
   2.5700000000000095e+01    1.0783750327878761e+00   -5.9492329077242023e-01
   2.5800000000000097e+01    1.0136599946604841e+00   -6.9831299602968244e-01
   2.5900000000000098e+01    9.3894230381089194e-01   -7.9481184593929144e-01
   2.6000000000000099e+01    8.5495926398769639e-01   -8.8346760357867615e-01
   2.6100000000000101e+01    7.6253960808402654e-01   -9.6340542656420414e-01
   2.6200000000000102e+01    6.6259532031724089e-01   -1.0338364998711647e+00
   2.6300000000000104e+01    5.5611263689643098e-01   -1.0940658197478157e+00
   2.6400000000000105e+01    4.4414231398188275e-01   -1.1434990519129415e+00
   2.6500000000000107e+01    3.2778925897090727e-01   -1.1816483963612092e+00
   2.6600000000000108e+01    2.0820162742705500e-01   -1.2081374009032668e+00
   2.6700000000000109e+01    8.6559493242682820e-02   -1.2227046759412632e+00
   2.6800000000000111e+01   -3.5936796163885953e-02   -1.2252064738229256e+00
   2.6900000000000112e+01   -1.5807846470733525e-01   -1.2156181073215069e+00
   2.7000000000000114e+01   -2.7866023566706655e-01   -1.1940341932442602e+00
   2.7100000000000115e+01   -3.9649222518751315e-01   -1.1606677187655603e+00
   2.7200000000000117e+01   -5.1041168388367875e-01   -1.1158479396979835e+00
   2.7300000000000118e+01   -6.1929447068739774e-01   -1.0600171314409215e+00
   2.7400000000000119e+01   -7.2206614571202754e-01   -9.9372622466792926e-01
   2.7500000000000121e+01   -8.1771257267275654e-01   -9.1762936881923751e-01
   2.7600000000000122e+01   -9.0528992623934945e-01   -8.3247747704613584e-01
   2.7700000000000124e+01   -9.8393400557019406e-01   -7.3911081630481412e-01
   2.7800000000000125e+01   -1.0528687621230224e+00   -6.3845071571958334e-01
   2.7900000000000126e+01   -1.1114139575910844e+00   -5.3149047503618652e-01
   2.8000000000000128e+01   -1.1589918763973541e+00   -4.1928556287930963e-01
   2.8100000000000129e+01   -1.1951330265088369e+00   -3.0294320153651061e-01
   2.8200000000000131e+01   -1.2194807723161607e+00   -1.8361144104445604e-01
   2.8300000000000132e+01   -1.2317948538618653e+00   -6.2467830392844703e-02
   2.8400000000000134e+01   -1.2319537576901567e+00    5.9292202363017285e-02
   2.8500000000000135e+01   -1.2199559159229303e+00    1.8046714641757922e-01
   2.8600000000000136e+01   -1.1959197217297688e+00    2.9986126455397044e-01
   2.8700000000000138e+01   -1.1600823610392710e+00    4.1629639250980977e-01
   2.8800000000000139e+01   -1.1127974720202383e+00    5.2862356493542528e-01
   2.8900000000000141e+01   -1.0545316554286417e+00    6.3573435322117433e-01
   2.9000000000000142e+01   -9.8585987025578770e-01    7.3657180331378969e-01
   2.9100000000000144e+01   -9.0745976011279139e-01    8.3014086558893108e-01
   2.9200000000000145e+01   -8.2010496633780838e-01    9.1551821385944054e-01
   2.9300000000000146e+01   -7.2465749381134992e-01    9.9186135662672359e-01
   2.9400000000000148e+01   -6.2205920481275156e-01    1.0584169506667245e+00
   2.9500000000000149e+01   -5.1332252485522833e-01    1.1145282349132155e+00
   2.9600000000000151e+01   -3.9952045221303301e-01    1.1596415112819003e+00
   2.9700000000000152e+01   -2.8177596972530228e-01    1.1933116084834900e+00
   2.9800000000000153e+01   -1.6125096335942091e-01    1.2152062749096286e+00
   2.9900000000000155e+01   -3.9134756883961938e-02    1.2251094572433046e+00
   3.0000000000000156e+01    8.3367624210564789e-02    1.2229234324408997e+00
   3.0100000000000158e+01    2.0504734373318045e-01    1.2086697720477939e+00
   3.0200000000000159e+01    3.2470368341720002e-01    1.1824891293318092e+00
   3.0300000000000161e+01    4.4115589143830591e-01    1.1446398513350473e+00
   3.0400000000000162e+01    5.5325483390643126e-01    1.0954954295402131e+00
   3.0500000000000163e+01    6.5989433435618061e-01    1.0355408143079019e+00
   3.0600000000000165e+01    7.6002208933930249e-01    9.6536762945348120e-01
   3.0700000000000166e+01    8.5265005240569558e-01    8.8566833418545698e-01
   3.0800000000000168e+01    9.3686418400529914e-01    7.9722939001450843e-01
   3.0900000000000169e+01    1.0118334711002208e+00    7.0092350006117965e-01
   3.1000000000000171e+01    1.0768181274828548e+00    5.9770099734365523e-01
   3.1100000000000172e+01    1.1311768938804201e+00    4.8858046702479124e-01
   3.1200000000000173e+01    1.1743733658095314e+00    3.7463869515675263e-01
   3.1300000000000175e+01    1.2059812867384414e+00    2.5700004310763347e-01
   3.1400000000000176e+01    1.2256887543247885e+00    1.3682535252172434e-01
   3.1500000000000178e+01    1.2333012982223097e+00    1.5300490297717878e-02
   3.1600000000000179e+01    1.2287437990851668e+00   -1.0637535337860712e-01
   3.1700000000000180e+01    1.2120612298334419e+00   -2.2700149847385928e-01
   3.1800000000000182e+01    1.1834182118651118e+00   -3.4538762324795580e-01
   3.1900000000000183e+01    1.1430973905937569e+00   -4.6036551018071081e-01
   3.2000000000000185e+01    1.0914966463419844e+00   -5.7080057377694815e-01
   3.2100000000000186e+01    1.0291251681130884e+00   -6.7560305649539010e-01
   3.2200000000000188e+01    9.5659842898443204e-01   -7.7373878232148208e-01
   3.2300000000000189e+01    8.7463211270467267e-01   -8.6423936186942196e-01
   3.2400000000000190e+01    7.8403505142632413e-01   -9.4621174831089672e-01
   3.2500000000000192e+01    6.8570124426312729e-01   -1.0188470498339814e+00
   3.2600000000000193e+01    5.8060103543198893e-01   -1.0814285116721101e+00
   3.2700000000000195e+01    4.6977153903234836e-01   -1.1333385889375960e+00
   3.2800000000000196e+01    3.5430640494990673e-01   -1.1740650404659929e+00
   3.2900000000000198e+01    2.3534502687334324e-01   -1.2032059835381135e+00
   3.3000000000000199e+01    1.1406129891779196e-01   -1.2204738596004376e+00
   3.3100000000000200e+01   -8.3479681968644248e-03   -1.2256982718507565e+00
   3.3200000000000202e+01   -1.3067485710536303e-01   -1.2188276666881721e+00
   3.3300000000000203e+01   -2.5171226335507879e-01   -1.1999298424351574e+00
   3.3400000000000205e+01   -3.7026580694217609e-01   -1.1691912803116968e+00
   3.3500000000000206e+01   -4.8516561828453847e-01   -1.1269153042633726e+00
   3.3600000000000207e+01   -5.9527788232916334e-01   -1.0735190878019718e+00
   3.3700000000000209e+01   -6.9951602687840353e-01   -1.0095295373947013e+00
   3.3800000000000210e+01   -7.9685144473023872e-01   -9.3557809302415995e-01
   3.3900000000000212e+01   -8.8632364382801831e-01   -8.5239449722642313e-01
   3.4000000000000213e+01   -9.6704972525943855e-01   -7.6079959409350251e-01
   3.4100000000000215e+01   -1.0382330955772101e+00   -6.6169722929862274e-01
   3.4200000000000216e+01   -1.0991713274694759e+00   -5.5606533107373124e-01
   3.4300000000000217e+01   -1.1492630912120063e+00   -4.4494626015090677e-01
   3.4400000000000219e+01   -1.1880140885035930e+00   -3.2943652389309031e-01
   3.4500000000000220e+01   -1.2150419301304058e+00   -2.1067595611365159e-01
   3.4600000000000222e+01   -1.2300799093272237e+00   -8.9836469356809959e-02
   3.4700000000000223e+01   -1.2329796336005601e+00    3.1889509370177732e-02
   3.4800000000000225e+01   -1.2237124890432385e+00    1.5330080529849677e-01
   3.4900000000000226e+01   -1.2023699226907845e+00    2.7319934892077208e-01
   3.5000000000000227e+01   -1.1691625401333967e+00    3.9040199837162609e-01
   3.5100000000000229e+01   -1.1244180272881523e+00    5.0375221450421714e-01
   3.5200000000000230e+01   -1.0685779168391172e+00    6.1213147345475427e-01
   3.5300000000000232e+01   -1.0021932312536919e+00    7.1447030407741829e-01
   3.5400000000000233e+01   -9.2591904536930525e-01    8.0975884133384657e-01
   3.5500000000000234e+01   -8.4050802220609699e-01    8.9705679149783069e-01
   3.5600000000000236e+01   -7.4680298579328985e-01    9.7550271084000428e-01
   3.5700000000000237e+01   -6.4572860429956380e-01    1.0443225062317800e+00
   3.5800000000000239e+01   -5.3828226553713920e-01    1.1028370737857882e+00
   3.5900000000000240e+01   -4.2552423487881491e-01    1.1504690001558038e+00
   3.6000000000000242e+01   -3.0856719270825550e-01    1.1867482603686939e+00
   3.6100000000000243e+01   -1.8856525464649787e-01    1.2113168559629985e+00
   3.6200000000000244e+01   -6.6702582901537313e-02    1.2239323476656623e+00
   3.6300000000000246e+01    5.5818298877408287e-02    1.2244702477469780e+00
   3.6400000000000247e+01    1.7778837193358565e-01    1.2129252484463358e+00
   3.6500000000000249e+01    2.9800405282903797e-01    1.1894112743468621e+00
   3.6600000000000250e+01    4.1527907023581950e-01    1.1541603581821394e+00
   3.6700000000000252e+01    5.2845617089359642e-01    1.1075203511684013e+00
   3.6800000000000253e+01    6.3641853922090030e-01    1.0499514904563378e+00
   3.6900000000000254e+01    7.3810081789292870e-01    9.8202185757442728e-01
   3.7000000000000256e+01    8.3249962063639271e-01    9.0440177267924760e-01
   3.7100000000000257e+01    9.1868343350264525e-01    8.1785717992952811e-01
   3.7200000000000259e+01    9.9580180691473363e-01    7.2324208925614919e-01
   3.7300000000000260e+01    1.0630937477825644e+00    6.2149014911164779e-01
   3.7400000000000261e+01    1.1198952288739856e+00    5.1360543335815767e-01
   3.7500000000000263e+01    1.1656457413403838e+00    4.0065253320748240e-01
   3.7600000000000264e+01    1.1998938257374132e+00    2.8374605198464625e-01
   3.7700000000000266e+01    1.2223015269615405e+00    1.6403960637911930e-01
   3.7800000000000267e+01    1.2326477291417322e+00    4.2714442717822029e-02
   3.7900000000000269e+01    1.2308303375780636e+00   -7.9032219407075777e-02
   3.8000000000000270e+01    1.2168672861962002e+00   -1.9999900113212488e-01
   3.8100000000000271e+01    1.1908963605763498e+00   -3.1899221935950972e-01
   3.8200000000000273e+01    1.1531738383030254e+00   -4.3483766585307537e-01
   3.8300000000000274e+01    1.1040719600524733e+00   -5.4639219415901419e-01
   3.8400000000000276e+01    1.0440752563727311e+00   -6.5255500001311884e-01
   3.8500000000000277e+01    9.7377576640314878e-01   -7.5227848392114094e-01
   3.8600000000000279e+01    8.9386719571438589e-01   -8.4457858872185310e-01
   3.8700000000000280e+01    8.0513807091850942e-01   -9.2854451012320938e-01
   3.8800000000000281e+01    7.0846395859854583e-01   -1.0033476843894151e+00
   3.8900000000000283e+01    6.0479882534000284e-01   -1.0682499644896877e+00
   3.9000000000000284e+01    4.9516562412236154e-01   -1.1226109040276411e+00
   3.9100000000000286e+01    3.8064619996270632e-01   -1.1658940770745181e+00
   3.9200000000000287e+01    2.6237061442118498e-01   -1.1976723715430631e+00
   3.9300000000000288e+01    1.4150599431257821e-01   -1.2176322038677831e+00
   3.9400000000000290e+01    1.9245014663322735e-02   -1.2255766134017432e+00
   3.9500000000000291e+01   -1.0320587043745391e-01   -1.2214272059948381e+00
   3.9600000000000293e+01   -2.2463833295658492e-01   -1.2052249275746050e+00
   3.9700000000000294e+01   -3.4385409452717153e-01   -1.1771296600960006e+00
   3.9800000000000296e+01   -4.5967675089004456e-01   -1.1374186438472744e+00
   3.9900000000000297e+01   -5.7096338048446371e-01   -1.0864837416804123e+00
   4.0000000000000298e+01   -6.7661582263612530e-01   -1.0248275721623561e+00
   4.0100000000000300e+01   -7.7559151405091697e-01   -9.5305854980452964e-01
   4.0200000000000301e+01   -8.6691377668143643e-01   -8.7188488131300212e-01
   4.0300000000000303e+01   -9.4968145544706828e-01   -7.8210757710345558e-01
   4.0400000000000304e+01   -1.0230778107039682e+00   -6.8461254704235353e-01
   4.0500000000000306e+01   -1.0863785777153268e+00   -5.8036185841243282e-01
   4.0600000000000307e+01   -1.1389591135922110e+00   -4.7038424236768939e-01
   4.0700000000000308e+01   -1.1803005611799926e+00   -3.5576494255883007e-01
   4.0800000000000310e+01   -1.2099949690660163e+00   -2.3763500610152799e-01
   4.0900000000000311e+01   -1.2277493171850113e+00   -1.1716012256270177e-01
   4.1000000000000313e+01   -1.2333884082981517e+00    4.4708788998703425e-03
   4.1100000000000314e+01   -1.2268565968130785e+00    1.2605776073599484e-01
   4.1200000000000315e+01   -1.2082183378851443e+00    2.4640072077775518e-01
   4.1300000000000317e+01   -1.1776575513814436e+00    3.6431223171775473e-01
   4.1400000000000318e+01   -1.1354758069839570e+00    4.7862875946061267e-01
   4.1500000000000320e+01   -1.0820893483409735e+00    5.8822224471267737e-01
   4.1600000000000321e+01   -1.0180249856320551e+00    6.9201123451125601e-01
   4.1700000000000323e+01   -9.4391489707815190e-01    7.8897155384900763e-01
   4.1800000000000324e+01   -8.6049039069484268e-01    8.7814641208742361e-01
   4.1900000000000325e+01   -7.6857468784685379e-01    9.5865584443074414e-01
   4.2000000000000327e+01   -6.6907479981473339e-01    1.0297053952931885e+00
   4.2100000000000328e+01   -5.6297257753458518e-01    1.0905939578732680e+00
   4.2200000000000330e+01   -4.5131502283077640e-01    1.1407206925753821e+00
   4.2300000000000331e+01   -3.3520395674901632e-01    1.1795909560087046e+00
   4.2400000000000333e+01   -2.1578514694124318e-01    1.2068211820568453e+00
   4.2500000000000334e+01   -9.4237001391756101e-02    1.2221426668526021e+00
   4.2600000000000335e+01    2.8241059946689170e-02    1.2254042203082165e+00
   4.2700000000000337e+01    1.5044044085976471e-01    1.2165736580362245e+00
   4.2800000000000338e+01    2.7115529512834907e-01    1.1957381189388547e+00
   4.2900000000000340e+01    3.8919442564858275e-01    1.1631032053320596e+00
   4.3000000000000341e+01    5.0339303899636512e-01    1.1189909540893328e+00
   4.3100000000000342e+01    6.1262423944391353e-01    1.0638366588257928e+00
   4.3200000000000344e+01    7.1581014900705686e-01    9.9818457448078668e-01
   4.3300000000000345e+01    8.1193254379221369e-01    9.2268254668560157e-01
   4.3400000000000347e+01    9.0004290168509116e-01    8.3807561891293803e-01
   4.3500000000000348e+01    9.7927176223194223e-01    7.4519868049190496e-01
   4.3600000000000350e+01    1.0488373063514032e+00    6.4496822803689746e-01
   4.3700000000000351e+01    1.1080530712135381e+00    5.3837332158742590e-01
   4.3800000000000352e+01    1.1563347241567670e+00    4.2646582470244065e-01
   4.3900000000000354e+01    1.1932058287986331e+00    3.1035002481853202e-01
   4.4000000000000355e+01    1.2183025464412585e+00    1.9117173629685230e-01
   4.4100000000000357e+01    1.2313772263786951e+00    7.0106993688360417e-02
   4.4200000000000358e+01    1.2323008496775443e+00   -5.1649553209345278e-02
   4.4300000000000360e+01    1.2210643023159735e+00   -1.7289642798766244e-01
   4.4400000000000361e+01    1.1977784651179948e+00   -2.9243718362649535e-01
   4.4500000000000362e+01    1.1626731195955575e+00   -4.0909220886431180e-01
   4.4600000000000364e+01    1.1160946804954710e+00   -5.2171036843515606e-01
   4.4700000000000365e+01    1.0585027774260762e+00   -6.2918036230840602e-01
   4.4800000000000367e+01    9.9046571929570804e-01   -7.3044169183990459e-01
   4.4900000000000368e+01    9.1265488631924330e-01   -8.2449512462204311e-01
   4.5000000000000369e+01    8.2583810493163634e-01   -9.1041255476713856e-01
   4.5100000000000371e+01    7.3087207098387141e-01   -9.8734616132423259e-01
   4.5200000000000372e+01    6.2869389598817760e-01   -1.0545367744553571e+00
   4.5300000000000374e+01    5.2031185983297490e-01   -1.1113213668150321e+00
   4.5400000000000375e+01    4.0679546121846444e-01   -1.1571395962091344e+00
   4.5500000000000377e+01    2.8926486399376794e-01   -1.1915393349711143e+00
   4.5600000000000378e+01    1.6887984353767793e-01   -1.2141811314924733e+00
   4.5700000000000379e+01    4.6828342258578459e-02   -1.2248415598817637e+00
   4.5800000000000381e+01   -7.5685252853748830e-02   -1.2234154246981621e+00
   4.5900000000000382e+01   -1.9745199494896770e-01   -1.2099167990036348e+00
   4.6000000000000384e+01   -3.1727030703293091e-01   -1.1844788854903570e+00
   4.6100000000000385e+01   -4.3395783895956502e-01   -1.1473527020537777e+00
   4.6200000000000387e+01   -5.4636313469477704e-01   -1.0989046047819246e+00
   4.6300000000000388e+01   -6.5337699472147359e-01   -1.0396126728037560e+00
   4.6400000000000389e+01   -7.5394342146308979e-01   -9.7006199067038057e-01
   4.6500000000000391e+01   -8.4707003971774109e-01   -8.9093887482195588e-01
   4.6600000000000392e+01   -9.3183788927563238e-01   -8.0302410111268752e-01
   4.6700000000000394e+01   -1.0074104930875691e+00   -7.0718520022376918e-01
   4.6800000000000395e+01   -1.0730421115011741e+00   -6.0436789699205218e-01
   4.6900000000000396e+01   -1.1280851011131836e+00   -4.9558677812995111e-01
   4.7000000000000398e+01   -1.1719963056217224e+00   -3.8191528042621692e-01
   4.7100000000000399e+01   -1.2043424156145399e+00   -2.6447509822260651e-01
   4.7200000000000401e+01   -1.2248042444035927e+00   -1.4442511469198033e-01
   4.7300000000000402e+01   -1.2331798777126519e+00   -2.2949966142417413e-02
   4.7400000000000404e+01   -1.2293866661372819e+00    9.8751647806815737e-02
   4.7500000000000405e+01   -1.2134620407158905e+00    2.1947879282390764e-01
   4.7600000000000406e+01   -1.1855631435639269e+00    3.3804015051481390e-01
   4.7700000000000408e+01   -1.1459652772160924e+00    4.5326577418469571e-01
   4.7800000000000409e+01   -1.0950591879782521e+00    5.6401863370629401e-01
   4.7900000000000411e+01   -1.0333472100965626e+00    6.6920583557211122e-01
   4.8000000000000412e+01   -9.6143830879262460e-01    7.6778940741251689e-01
   4.8100000000000414e+01   -8.8004207107930454e-01    8.5879654055968124e-01
   4.8200000000000415e+01   -7.8996170365501872e-01    9.4132918958517087e-01
   4.8300000000000416e+01   -6.9208610697228357e-01    1.0145729340843348e+00
   4.8400000000000418e+01   -5.8738110369251573e-01    1.0778050152606544e+00
   4.8500000000000419e+01   -4.7687990808346203e-01    1.1304014680061893e+00
   4.8600000000000421e+01   -3.6167293040590837e-01    1.1718432780997701e+00
   4.8700000000000422e+01   -2.4289701689854787e-01    1.2017215037645883e+00
   4.8800000000000423e+01   -1.2172423153932502e-01    1.2197413110463917e+00
   4.8900000000000425e+01    6.4970971674496725e-04    1.2257248831917573e+00
   4.9000000000000426e+01    1.2301723809396944e-01    1.2196131753171229e+00
   4.9100000000000428e+01    2.4417084811417367e-01    1.2014664970537676e+00
   4.9200000000000429e+01    3.6291501309012586e-01    1.1714639174192980e+00
   4.9300000000000431e+01    4.7807798241378680e-01    1.1299014977882993e+00
   4.9400000000000432e+01    5.8852334422541197e-01    1.0771893703989648e+00
   4.9500000000000433e+01    6.9316123936472507e-01    1.0138476912246004e+00
   4.9600000000000435e+01    7.9095911594648105e-01    9.4050150714651359e-01
   4.9700000000000436e+01    8.8095191843579468e-01    8.5787458807831241e-01
   4.9800000000000438e+01    9.6225161067888410e-01    7.6678228490535472e-01
   4.9900000000000439e+01    1.0340559389173192e+00    6.6812348371620534e-01
   5.0000000000000441e+01    1.0956563483135966e+00    5.6287173572061910e-01
   5.0100000000000442e+01    1.1464449748688987e+00    4.5206565038277841e-01
   5.0200000000000443e+01    1.1859206437377912e+00    3.3679864656899716e-01
   5.0300000000000445e+01    1.2136938147493506e+00    2.1820816284412664e-01
   5.0400000000000446e+01    1.2294904263330340e+00    9.7464433387940946e-02
   5.0500000000000448e+01    1.2331545999179858e+00   -2.4241059710821286e-02
   5.0600000000000449e+01    1.2246501781191692e+00   -1.4570734383162406e-01
   5.0700000000000450e+01    1.2040610815317321e+00   -2.6573580685037074e-01
   5.0800000000000452e+01    1.1715904806128286e+00   -3.8314202487443710e-01
   5.0900000000000453e+01    1.1275587908226650e+00   -4.9676744997008315e-01
   5.1000000000000455e+01    1.0724005108084489e+00   -6.0549084254940300e-01
   5.1100000000000456e+01    1.0066599348316136e+00   -7.0823933560363739e-01
   5.1200000000000458e+01    9.3098578174749380e-01   -8.0399902160256254e-01
   5.1300000000000459e+01    8.4612479353793557e-01   -8.9182495758993574e-01
   5.1400000000000460e+01    7.5291436656563271e-01   -9.7085048974613564e-01
   5.1500000000000462e+01    6.5227428826394018e-01   -1.0402958054045413e+00
   5.1600000000000463e+01    5.4519766080335663e-01   -1.0994756281315710e+00
   5.1700000000000465e+01    4.3274110129866139e-01   -1.1478059799364284e+00
   5.1800000000000466e+01    3.1601431525968771e-01   -1.1848099438820412e+00
   5.1900000000000468e+01    1.9616914617345510e-01   -1.2101223702325716e+00
   5.2000000000000469e+01    7.4388209274843325e-02   -1.2234934796979171e+00
   5.2100000000000470e+01   -4.8126778333840894e-02   -1.2247913282189069e+00
   5.2200000000000472e+01   -1.7016685605767010e-01   -1.2140031089710592e+00
   5.2300000000000473e+01   -2.9052774966150530e-01   -1.1912352787389227e+00
   5.2400000000000475e+01   -4.0802175487790954e-01   -1.1567125074139764e+00
   5.2500000000000476e+01   -5.2148945750480302e-01   -1.1107754609823097e+00
   5.2600000000000477e+01   -6.2981117434059419e-01   -1.0538774398792610e+00
   5.2700000000000479e+01   -7.3191800205925972e-01   -9.8657990588327216e-01
   5.2800000000000480e+01   -8.2680236499664039e-01   -9.0954694168895456e-01
   5.2900000000000482e+01   -9.1352795776389495e-01   -8.2353869783152844e-01
   5.3000000000000483e+01   -9.9123898457581527e-01   -7.2940389162747510e-01
   5.3100000000000485e+01   -1.0591686041216266e+00   -6.2807143215080630e-01
   5.3200000000000486e+01   -1.1166464966454914e+00   -5.2054125388851480e-01
   5.3300000000000487e+01   -1.1631054785658470e+00   -4.0787444952740864e-01
   5.3400000000000489e+01   -1.1980870993614616e+00   -2.9118279924060336e-01
   5.3500000000000490e+01   -1.2212461654949416e+00   -1.7161779979720226e-01
   5.3600000000000492e+01   -1.2323541467322654e+00   -5.0359301754366412e-02
   5.3700000000000493e+01   -1.2313014312452804e+00    7.1396133141637716e-02
   5.3800000000000495e+01   -1.2180984072441452e+00    1.9244703945788721e-01
   5.3900000000000496e+01   -1.1928753604663362e+00    3.1159890396598144e-01
   5.4000000000000497e+01   -1.1558811885337983e+00    4.2767595292968991e-01
   5.4100000000000499e+01   -1.1074809448647989e+00    5.3953275447378257e-01
   5.4200000000000500e+01   -1.0481522363768301e+00    6.4606552154350783e-01
   5.4300000000000502e+01   -9.7848051052753326e-01    7.4622300391871654e-01
   5.4400000000000503e+01   -8.9915327820047597e-01    8.3901686180177959e-01
   5.4500000000000504e+01   -8.1095332944354126e-01    9.2353141861420851e-01
   5.4600000000000506e+01   -7.1475100900607813e-01    9.9893269676276630e-01
   5.4700000000000507e+01   -6.1149562789873368e-01    1.0644766472114164e+00
   5.4800000000000509e+01   -5.0220609572549202e-01    1.1195164916508675e+00
   5.4900000000000510e+01   -3.8796086622675419e-01    1.1635091048142330e+00
   5.5000000000000512e+01   -2.6988729524942900e-01    1.1960203739590307e+00
   5.5100000000000513e+01   -1.4915051615808872e-01    1.2167294826289250e+00
   5.5200000000000514e+01   -2.6941942463068039e-02    1.2254320764236686e+00
   5.5300000000000516e+01    9.5532488880048422e-02    1.2220422795378914e+00
   5.5400000000000517e+01    2.1706421748608690e-01    1.2065935421698291e+00
   5.5500000000000519e+01    3.3645398544341854e-01    1.1792383104379003e+00
   5.5600000000000520e+01    4.5252367142143990e-01    1.1402465220623608e+00
   5.5700000000000522e+01    5.6412791620510050e-01    1.0900029426564564e+00
   5.5800000000000523e+01    6.7016542493734821e-01    1.0290033689121871e+00
   5.5900000000000524e+01    7.6958983454056595e-01    9.5784973614712920e-01
   5.6000000000000526e+01    8.6142003907882603e-01    8.7724417849036151e-01
   5.6100000000000527e+01    9.4474987117175335e-01    7.8798210032076010e-01
   5.6200000000000529e+01    1.0187570439251834e+00    6.9094432732773980e-01
   5.6300000000000530e+01    1.0827112651409154e+00    5.8708841464667916e-01
   5.6400000000000531e+01    1.1359814437356976e+00    4.7743919783913147e-01
   5.6500000000000533e+01    1.1780419172575314e+00    3.6307867995942389e-01
   5.6600000000000534e+01    1.2084776390470573e+00    2.4513535450065155e-01
   5.6700000000000536e+01    1.2269882738578619e+00    1.2477306957973386e-01
   5.6800000000000537e+01    1.2333911615207156e+00    3.1795432481878938e-03
   5.6900000000000539e+01    1.2276231194067386e+00   -1.1844535674208645e-01
   5.7000000000000540e+01    1.2097410659030583e+00   -2.3890145306439103e-01
   5.7100000000000541e+01    1.1799214587486029e+00   -3.5700010199749643e-01
   5.7200000000000543e+01    1.1384585537724718e+00   -4.7157592279376148e-01
   5.7300000000000544e+01    1.0857615012174218e+00   -5.8149829749136006e-01
   5.7400000000000546e+01    1.0223503083015524e+00   -6.8568252769209637e-01
   5.7500000000000547e+01    9.4885070785907966e-01   -7.8310053821130576e-01
   5.7600000000000549e+01    8.6598798369573715e-01   -8.7279102197774283e-01
   5.7700000000000550e+01    7.7457981358934092e-01   -9.5386892607502638e-01
   5.7800000000000551e+01    6.7552820055978946e-01   -1.0255341853177322e+00
   5.7900000000000553e+01    5.6981057202959862e-01   -1.0870796171804495e+00
   5.8000000000000554e+01    4.5847013470720904e-01   -1.1378979001737697e+00
   5.8100000000000556e+01    3.4260558036972372e-01   -1.1774875668055875e+00
   5.8200000000000557e+01    2.2336024412696637e-01   -1.2054579519900372e+00
   5.8300000000000558e+01    1.0191082215158602e-01   -1.2215330480738740e+00
   5.8400000000000560e+01   -2.0544239792941413e-02   -1.2255542284394616e+00
   5.8500000000000561e+01   -1.4279657244604527e-01   -1.2174818128082514e+00
   5.8600000000000563e+01   -2.6363980706730128e-01   -1.1973954587985740e+00
   5.8700000000000564e+01   -3.8188147971266340e-01   -1.1654933758739237e+00
   5.8800000000000566e+01   -4.9635479829997042e-01   -1.1220903694383977e+00
   5.8900000000000567e+01   -6.0593015634799041e-01   -1.0676147343798954e+00
   5.9000000000000568e+01   -7.0952627977305582e-01   -1.0026040287151710e+00
   5.9100000000000570e+01   -8.0612089674828036e-01   -9.2769976904182605e-01
   5.9200000000000571e+01   -8.9476082533670087e-01   -8.4364110014178817e-01
   5.9300000000000573e+01   -9.7457137935501414e-01   -7.5125750120374724e-01
   5.9400000000000574e+01   -1.0447649996521826e+00   -6.5146060063852784e-01
   5.9500000000000576e+01   -1.1046490256306825e+00   -5.4523518025765605e-01
   5.9600000000000577e+01   -1.1536325303221326e+00   -4.3362945758462551e-01
   5.9700000000000578e+01   -1.1912321515697548e+00   -3.1774474219165139e-01
   5.9800000000000580e+01   -1.2170768617763956e+00   -1.9872456813172867e-01
   5.9900000000000581e+01   -1.2309116291509243e+00   -7.7743409705625835e-02
   6.0000000000000583e+01   -1.2325999343243592e+00    4.4004908084963434e-02
   6.0100000000000584e+01   -1.2221251175021255e+00    1.6531899003409611e-01
   6.0200000000000585e+01   -1.1995905428589522e+00    2.8500172592980383e-01
   6.0300000000000587e+01   -1.1652185785541991e+00    4.0187210346844371e-01
   6.0400000000000588e+01   -1.1193484024326925e+00    5.1477686231700659e-01
   6.0500000000000590e+01   -1.0624326550641210e+00    6.2260187432274505e-01
   6.0600000000000591e+01   -9.9503297314834027e-01    7.2428313757182428e-01
   6.0700000000000593e+01   -9.1781444736232765e-01    8.1881727580918373e-01
   6.0800000000000594e+01   -8.3153905933798322e-01    9.0527143961282486e-01
   6.0900000000000595e+01   -7.3705816253376721e-01    9.8279251161914416e-01
   6.1000000000000597e+01   -6.3530408119788262e-01    1.0506155249634572e+00
   6.1100000000000598e+01   -5.2728091032325886e-01    1.1080712118637448e+00
   6.1200000000000600e+01   -4.1405460737909117e-01    1.1545926078592719e+00
   6.1300000000000601e+01   -2.9674247359233863e-01    1.1897206465344019e+00
   6.1400000000000603e+01   -1.7650212857641639e-01    1.2131086895196741e+00
   6.1500000000000604e+01   -5.4520087103895068e-02    1.2245259470687471e+00
   6.1600000000000605e+01    6.7999949253994690e-02    1.2238597554574548e+00
   6.1700000000000607e+01    1.8984897008460141e-01    1.2111166887319380e+00
   6.1800000000000608e+01    3.0982458647783051e-01    1.1864224938352925e+00
   6.1900000000000610e+01    4.2674289602991095e-01    1.1500208497529116e+00
   6.2000000000000611e+01    5.3945016542477120e-01    1.1022709629211167e+00
   6.2100000000000612e+01    6.4683421531096508e-01    1.0436440226272594e+00
   6.2200000000000614e+01    7.4783539512979436e-01    9.7471855137892172e-01
   6.2300000000000615e+01    8.4145703959658069e-01    8.9617469612412770e-01
   6.2400000000000617e+01    9.2677530365201455e-01    8.0878751665601445e-01
   6.2500000000000618e+01    1.0029482788336785e+00    7.1341933743104868e-01
   6.2600000000000620e+01    1.0692243011086902e+00    6.1101123827197945e-01
   6.2700000000000621e+01    1.1249493681869538e+00    5.0257376792407915e-01
   6.2800000000000622e+01    1.1695735931220379e+00    3.8917697210199753e-01
   6.2900000000000624e+01    1.2026566305164665e+00    2.7193983442906278e-01
   6.3000000000000625e+01    1.2238720217864127e+00    1.5201923446435639e-01
   6.3100000000000627e+01    1.2330104166073501e+00    3.0598531778196325e-02
   6.3200000000000628e+01    1.2299816387519067e+00   -9.1124111273235872e-02
   6.3300000000000630e+01    1.2148155759345420e+00   -2.1194755284491132e-01
   6.3400000000000631e+01    1.1876618848821998e+00   -3.3067952430098690e-01
   6.3500000000000632e+01    1.1487885145412737e+00   -4.4614839535310569e-01
   6.3600000000000634e+01    1.0985790619936882e+00   -5.5721473554224332e-01
   6.3700000000000635e+01    1.0375289871735542e+00   -6.6278255797703456e-01
   6.3800000000000637e+01    9.6624072373705894e-01   -7.6181013437696266e-01
   6.3900000000000638e+01    8.8541773433084647e-01   -8.5332027469909988e-01
   6.4000000000000639e+01    7.9585756892067772e-01   -9.3640996991050174e-01
   6.4100000000000634e+01    6.9844399467981233e-01   -1.0102593027527491e+00
   6.4200000000000628e+01    5.9413827509827644e-01   -1.0741395385684807e+00
   6.4300000000000622e+01    4.8396968436954385e-01   -1.1274203163507963e+00
   6.4400000000000617e+01    3.6902535065733283e-01   -1.1695758690552822e+00
   6.4500000000000611e+01    2.5043952846773565e-01   -1.2001902117935117e+00
   6.4600000000000605e+01    1.2938240598540429e-01   -1.2189612467116742e+00
   6.4700000000000600e+01    7.0485578214236622e-03   -1.2257037440479848e+00
   6.4800000000000594e+01   -1.1535484288047099e-01   -1.2203511699522382e+00
   6.4900000000000588e+01   -2.3661993665805914e-01   -1.2029563430308539e+00
   6.5000000000000583e+01   -3.5555009671713461e-01   -1.1736909131387372e+00
   6.5100000000000577e+01   -4.7097173707546525e-01   -1.1328436675611793e+00
   6.5200000000000571e+01   -5.8174589334311821e-01   -1.0808176813001686e+00
   6.5300000000000566e+01   -6.8677946186164995e-01   -1.0181263395857036e+00
   6.5400000000000560e+01   -7.8503598629592841e-01   -9.4538827186141527e-01
   6.5500000000000554e+01   -8.7554588523802956e-01   -8.6332124723522929e-01
   6.5600000000000549e+01   -9.5741601989866565e-01   -7.7273509163391285e-01
   6.5700000000000543e+01   -1.0298385074735263e+00   -6.7452369655403577e-01
   6.5800000000000537e+01   -1.0920986932154915e+00   -5.6965619826587455e-01
   6.5900000000000531e+01   -1.1435822025454410e+00   -4.5916741451264087e-01
   6.6000000000000526e+01   -1.1837810036124450e+00   -3.4414763307434421e-01
   6.6100000000000520e+01   -1.2122984204788574e+00   -2.2573185296130599e-01
   6.6200000000000514e+01   -1.2288530474609269e+00   -1.0508858440371521e-01
   6.6300000000000509e+01   -1.2332815259987782e+00    1.6591681842648684e-02
   6.6400000000000503e+01   -1.2255401566540189e+00    1.3810822209125906e-01
   6.6500000000000497e+01   -1.2057053303280243e+00    2.5826192829664318e-01
   6.6600000000000492e+01   -1.1739727744457120e+00    3.7586714068310723e-01
   6.6700000000000486e+01   -1.1306556215433770e+00    4.8976334766767754e-01
   6.6800000000000480e+01   -1.0761813193195031e+00    5.9882663762407329e-01
   6.6900000000000475e+01   -1.0110874126397500e+00    7.0198078948332554e-01
   6.7000000000000469e+01   -9.3601623911870802e-01    7.9820789273056780e-01
   6.7100000000000463e+01   -8.5170859062168591e-01    8.8655839200137621e-01
   6.7200000000000458e+01   -7.5899640323394968e-01    9.6616045715901122e-01
   6.7300000000000452e+01   -6.5879454783177649e-01    1.0362285863899692e+00
   6.7400000000000446e+01   -5.5209180226481980e-01    1.0960713574237257e+00
   6.7500000000000441e+01   -4.3994109423502548e-01    1.1450982503887390e+00
   6.7600000000000435e+01   -3.2344911115400149e-01    1.1828254749777474e+00
   6.7700000000000429e+01   -2.0376537950730772e-01    1.2088807444207312e+00
   6.7800000000000423e+01   -8.2070921488963597e-02    1.2230069491566611e+00
   6.7900000000000418e+01    4.0433399159092734e-02    1.2250646939527752e+00
   6.8000000000000412e+01    1.6253872710098094e-01    1.2150336734354654e+00
   6.8100000000000406e+01    2.8304014422061630e-01    1.1930128724592435e+00
   6.8200000000000401e+01    4.0074855958335953e-01    1.1592195893365898e+00
   6.8300000000000395e+01    5.1450244321711769e-01    1.1139872915673319e+00
   6.8400000000000389e+01    6.2317928792560495e-01    1.0577623252269259e+00
   6.8500000000000384e+01    7.2570668603021204e-01    9.9109951048494926e-01
   6.8600000000000378e+01    8.2107291173676766e-01    9.1465666671661894e-01
   6.8700000000000372e+01    9.0833690470189721e-01    8.2918812123277763e-01
   6.8800000000000367e+01    9.8663755628256600e-01    7.3553726568329458e-01
   6.8900000000000361e+01    1.0552022068334168e+00    6.3462823358625431e-01
   6.9000000000000355e+01    1.1133542702017838e+00    5.2745678110791061e-01
   6.9100000000000350e+01    1.1605199101829549e+00    4.1508046108059171e-01
   6.9200000000000344e+01    1.1962337030533783e+00    2.9860818721996751e-01
   6.9300000000000338e+01    1.2201432303047481e+00    1.7918929152051802e-01
   6.9400000000000333e+01    1.2320125562585351e+00    5.8002182809283973e-02
   6.9500000000000327e+01    1.2317245562443648e+00   -6.3757281626305978e-02
   6.9600000000000321e+01    1.2192820723681270e+00   -1.8488759658939405e-01
   6.9700000000000315e+01    1.1948078854648732e+00   -3.0419346525726654e-01
   6.9800000000000310e+01    1.1585435035132838e+00   -4.2049759420140986e-01
   6.9900000000000304e+01    1.1108467784674760e+00   -5.3265231075245922e-01
   7.0000000000000298e+01    1.0521883750229333e+00   -6.3955088807152638e-01
   7.0100000000000293e+01    9.8314712616229316e-01   -7.4013846617370704e-01
   7.0200000000000287e+01    9.0440432131182413e-01   -8.3342246113665630e-01
   7.0300000000000281e+01    8.1673698347227108e-01   -9.1848235977764037e-01
   7.0400000000000276e+01    7.2101020166440599e-01   -9.9447880314658266e-01
   7.0500000000000270e+01    6.1816859435164018e-01   -1.0606618692004892e+00
   7.0600000000000264e+01    5.0922698807744826e-01   -1.1163784729270019e+00
   7.0700000000000259e+01    3.9526040329950507e-01   -1.1610788108937196e+00
   7.0800000000000253e+01    2.7739344623891549e-01   -1.1943217866293954e+00
   7.0900000000000247e+01    1.5678921142428068e-01   -1.2157793633001317e+00
   7.1000000000000242e+01    3.4637804438732336e-02   -1.2252398007289915e+00
   7.1100000000000236e+01   -8.7855401874148628e-02   -1.2226097448165887e+00
   7.1200000000000230e+01   -2.0948166185942513e-01   -1.2079151487445676e+00
   7.1300000000000225e+01   -3.2904078478216398e-01   -1.1813010168716798e+00
   7.1400000000000219e+01   -4.4535297813989483e-01   -1.1430299738496714e+00
   7.1500000000000213e+01   -5.5727048968803550e-01   -1.0934796730787599e+00
   7.1600000000000207e+01   -6.6368893329642431e-01   -1.0331390700757099e+00
   7.1700000000000202e+01   -7.6355818687501209e-01   -9.6260359752840052e-01
   7.1800000000000196e+01   -8.5589275482952909e-01   -8.8256928964877968e-01
   7.1900000000000190e+01   -9.3978149279188505e-01   -7.9382591380427270e-01
   7.2000000000000185e+01   -1.0143965986630461e+00   -6.9724917720375035e-01
   7.2100000000000179e+01   -1.0790017812460579e+00   -5.9379208554138962e-01
   7.2200000000000173e+01   -1.1329595258623086e+00   -4.8447553887012013e-01
   7.2300000000000168e+01   -1.1757373852549706e+00   -3.7037825750325776e-01
   7.2400000000000162e+01   -1.2069132337018869e+00   -2.5262613735411460e-01
   7.2500000000000156e+01   -1.2261794324910720e+00   -1.3238113975359639e-01
   7.2600000000000151e+01   -1.2333458656545202e+00   -1.0829825379504054e-02
   7.2700000000000145e+01   -1.2283418160041422e+00    1.1082835455689048e-01
   7.2800000000000139e+01   -1.2112166629573882e+00    2.3139289432607490e-01
   7.2900000000000134e+01   -1.1821393952665298e+00    3.4967408010120571e-01
   7.3000000000000128e+01   -1.1413969434599345e+00    4.6450472988588887e-01
   7.3100000000000122e+01   -1.0893913484505815e+00    5.7475171110088463e-01
   7.3200000000000117e+01   -1.0266357942516071e+00    6.7932712217582114e-01
   7.3300000000000111e+01   -9.5374954394749600e-01    7.7719902780755534e-01
   7.3400000000000105e+01   -8.7145182889205397e-01    8.6740164195117364e-01
   7.3500000000000099e+01   -7.8055475143370767e-01    9.4904485805932359e-01
   7.3600000000000094e+01   -6.8195527120304766e-01    1.0213230325268314e+00
   7.3700000000000088e+01   -5.7662635404080920e-01    1.0835229346668234e+00
   7.3800000000000082e+01   -4.6560737090743004e-01    1.1350307847691223e+00
   7.3900000000000077e+01   -3.4999384151639951e-01    1.1753383107903657e+00
   7.4000000000000071e+01   -2.3092662389978313e-01    1.2040477639092955e+00
   7.4100000000000065e+01   -1.0958065658177137e-01    1.2208758434544438e+00
   7.4200000000000060e+01    1.2846635549101953e-02    1.2256564924735964e+00
   7.4300000000000054e+01    1.3514715725985182e-01    1.2183425363587652e+00
   7.4400000000000048e+01    2.5611406428622779e-01    1.1990061483569647e+00
   7.4500000000000043e+01    3.7455367230135761e-01    1.1678381373732147e+00
   7.4600000000000037e+01    4.8929723602382919e-01    1.1251460650936438e+00
   7.4700000000000031e+01    5.9921248223063894e-01    1.0713512110086716e+00
   7.4800000000000026e+01    7.0321478286886741e-01    1.0069844152850096e+00
   7.4900000000000020e+01    8.0027785801139995e-01    9.3268084050844480e-01
   7.5000000000000014e+01    8.8944390304144416e-01    8.4917370398780379e-01
   7.5100000000000009e+01    9.6983304013222593e-01    7.5728704246885026e-01
   7.5200000000000003e+01    1.0406520007560072e+00    6.5792758065490908e-01
   7.5299999999999997e+01    1.1012019535446633e+00    5.5207578377451838e-01
   7.5399999999999991e+01    1.1508854002576103e+00    4.4077618248811834e-01
   7.5499999999999986e+01    1.1892120718086561e+00    3.2512706560624094e-01
   7.5599999999999980e+01    1.2158037661706305e+00    2.0626964233000844e-01
   7.5699999999999974e+01    1.2303980804180481e+00    8.5376780959427592e-02
   7.5799999999999969e+01    1.2328510000805490e+00   -3.6358564805679713e-02
   7.5899999999999963e+01    1.2231383202557606e+00   -1.5773512776447829e-01
   7.5999999999999957e+01    1.2013558844582519e+00   -2.7755518115021743e-01
   7.6099999999999952e+01    1.1677186388476719e+00   -3.9463635762866700e-01
   7.6199999999999946e+01    1.1225585111688288e+00   -5.0782331673168590e-01
   7.6299999999999940e+01    1.0663211353340454e+00   -6.1599914559333935e-01
   7.6399999999999935e+01    9.9956145396916618e-01   -7.1809638048771562e-01
   7.6499999999999929e+01    9.2293824231668353e-01   -8.1310754040946864e-01
   7.6599999999999923e+01    8.3720760753334866e-01   -9.0009506875321055e-01
   7.6699999999999918e+01    7.4321552753029430e-01   -9.7820058498867291e-01
   7.6799999999999912e+01    6.4188950298135183e-01   -1.0466533550374237e+00
   7.6899999999999906e+01    5.3422940487637771e-01   -1.1047778967666695e+00
   7.6999999999999901e+01    4.2129760793465043e-01   -1.1520006455502168e+00
   7.7099999999999895e+01    3.0420850724042992e-01   -1.1878556141217911e+00
   7.7199999999999889e+01    1.8411752154904601e-01   -1.2119889908700938e+00
   7.7299999999999883e+01    6.2209691777345172e-02   -1.2241626312002876e+00
   7.7399999999999878e+01   -6.0312012813014626e-02   -1.2242564075096589e+00
   7.7499999999999872e+01   -1.8223856534648569e-01   -1.2122693945882508e+00
   7.7599999999999866e+01   -3.0236681184007197e-01   -1.1883198787471103e+00
   7.7699999999999861e+01   -4.1951134375673671e-01   -1.1526441905840936e+00
   7.7799999999999855e+01   -5.3251619544909889e-01   -1.1055943729053452e+00
   7.7899999999999849e+01   -6.4026625106469837e-01   -1.0476347068150871e+00
   7.7999999999999844e+01   -7.4169824835110520e-01   -9.7933713025379077e-01
   7.8099999999999838e+01   -8.3581127077688389e-01   -9.0137559419396274e-01
   7.8199999999999832e+01   -9.2167662443365295e-01   -8.1451941218582069e-01
   7.8299999999999827e+01   -9.9844700225537397e-01   -7.1962566887861734e-01
   7.8399999999999821e+01   -1.0653648451236588e+00   -6.1763076242926385e-01
   7.8499999999999815e+01   -1.1217698173528998e+00   -5.0954116425657958e-01
   7.8599999999999810e+01   -1.1671053227882042e+00   -3.9642348732261995e-01
   7.8699999999999804e+01   -1.2009239972162118e+00   -2.7939396094588620e-01
   7.8799999999999798e+01   -1.2228921228904757e+00   -1.5960741600748191e-01
   7.8899999999999793e+01   -1.2327929216095082e+00   -3.8245889242651709e-02
   7.8999999999999787e+01   -1.2305286938518771e+00    8.3493040931051823e-02
   7.9099999999999781e+01   -1.2161217828596866e+00    2.0440807194857050e-01
   7.9199999999999775e+01   -1.1897143541570177e+00    3.2330603138134589e-01
   7.9299999999999770e+01   -1.1515669926790237e+00    4.3901365099412859e-01
   7.9399999999999764e+01   -1.1020561313550330e+00    5.5038914438986297e-01
   7.9499999999999758e+01   -1.0416703365200466e+00    6.5633347399608688e-01
   7.9599999999999753e+01   -9.7100548680968590e-01    7.5580119621182007e-01
   7.9699999999999747e+01   -8.9075889311258638e-01    8.4781077769657121e-01
   7.9799999999999741e+01   -8.0172241760373009e-01    9.3145428100178695e-01
   7.9899999999999736e+01   -7.0477465975913745e-01    1.0059063239683104e+00
   7.9999999999999730e+01   -6.0087228645923407e-01    1.0704322244797895e+00
   8.0099999999999724e+01   -4.9104059173421832e-01    1.1243952502007717e+00
   8.0199999999999719e+01   -3.7636337930653835e-01    1.1672629017601042e+00
   8.0299999999999713e+01   -2.5797226776813004e-01    1.1986121673780883e+00
   8.0399999999999707e+01   -1.3703552392742155e-01    1.2181336970854828e+00
   8.0499999999999702e+01   -1.4746534517066270e-02    1.2256348553437677e+00
   8.0599999999999696e+01    1.0768796997803333e-01    1.2210416219438565e+00
   8.0699999999999690e+01    2.2905982316680559e-01    1.2043993224254759e+00
   8.0799999999999685e+01    3.4817134476725004e-01    1.1758721808095489e+00
   8.0899999999999679e+01    4.6384715914607566e-01    1.1357416990571751e+00
   8.0999999999999673e+01    5.7494579375905974e-01    1.0844038792464898e+00
   8.1099999999999667e+01    6.8037094304035972e-01    1.0223653158785866e+00
   8.1199999999999662e+01    7.7908228659031431e-01    9.5023819687308930e-01
   8.1299999999999656e+01    8.7010575490939157e-01    8.6873426258285902e-01
   8.1399999999999650e+01    9.5254314137747897e-01    7.7865778243943751e-01
   8.1499999999999645e+01    1.0255809656288717e+00    6.8089761853471198e-01
   8.1599999999999639e+01    1.0884985008604360e+00    5.7641845445426698e-01
   8.1699999999999633e+01    1.1406748858606173e+00    4.6625127591506860e-01
   8.1799999999999628e+01    1.1815952515788073e+00    3.5148319714321186e-01
   8.1899999999999622e+01    1.2108558017789635e+00    2.3324673338360791e-01
   8.1999999999999616e+01    1.2281677976423209e+00    1.1270862539897641e-01
   8.2099999999999611e+01    1.2333604069997173e+00   -8.9416737635859139e-03
   8.2199999999999605e+01    1.2263823900777222e+00   -1.3050373612749605e-01
   8.2299999999999599e+01    1.2073026051238827e+00   -2.5077800444047149e-01
   8.2399999999999594e+01    1.1763093289216620e+00   -3.6857762923597470e-01
   8.2499999999999588e+01    1.1337083989001502e+00   -4.8274018049586520e-01
   8.2599999999999582e+01    1.0799201951719610e+00   -5.9213911834522925e-01
   8.2699999999999577e+01    1.0154754922801539e+00   -6.9569490958819458e-01
   8.2799999999999571e+01    9.4101022158857150e-01   -7.9238568038833002e-01
   8.2899999999999565e+01    8.5725919599960032e-01   -8.8125729997449209e-01
   8.2999999999999559e+01    7.6504885892296470e-01   -9.6143279586754082e-01
   8.3099999999999554e+01    6.6528912904772020e-01   -1.0321210077198084e+00
   8.3199999999999548e+01    5.5896442139209535e-01   -1.0926243943724638e+00
   8.3299999999999542e+01    4.4712393323420396e-01   -1.1423459170918480e+00
   8.3399999999999537e+01    3.3087129078070143e-01   -1.1807949310619867e+00
   8.3499999999999531e+01    2.1135365873860354e-01   -1.2075920269968807e+00
   8.3599999999999525e+01    8.9750420255481869e-02   -1.2224727750962383e+00
   8.3699999999999520e+01   -3.2738461067208291e-02   -1.2252903343998418e+00
   8.3799999999999514e+01   -1.5490428224565495e-01   -1.2160169017918225e+00
   8.3899999999999508e+01   -2.7554152822404876e-01   -1.1947439863562874e+00
   8.3999999999999503e+01   -3.9345976772675950e-01   -1.1616815063770152e+00
   8.4099999999999497e+01   -5.0749540026574269e-01   -1.1171557178919125e+00
   8.4199999999999491e+01   -6.1652313838536843e-01   -1.0616059952429808e+00
   8.4299999999999486e+01   -7.1946711183950740e-01   -9.9558049539088678e-01
   8.4399999999999480e+01   -8.1531148412642762e-01   -9.1973074877807981e-01
   8.4499999999999474e+01   -9.0311047661904387e-01   -8.3480523011707330e-01
   8.4599999999999469e+01   -9.8199770137382525e-01   -7.4164197254645292e-01
   8.4699999999999463e+01   -1.0511947105235320e+00   -6.4116029803709096e-01
   8.4799999999999457e+01   -1.1100186778895915e+00   -5.3435174565176102e-01
   8.4899999999999451e+01   -1.1578891370130611e+00   -4.2227028717681603e-01
   8.4999999999999446e+01   -1.1943337091142505e+00   -3.0602192667670325e-01
   8.5099999999999440e+01   -1.2189927644583249e+00   -1.8675378660145031e-01
   8.5199999999999434e+01   -1.2316229711292010e+00   -6.5642788143879194e-02
   8.5299999999999429e+01   -1.2320996961929569e+00    5.6115962452812015e-02
   8.5399999999999423e+01   -1.2204182355564253e+00    1.7732096703481942e-01
   8.5499999999999417e+01   -1.1966938603849180e+00    2.9677619175181663e-01
   8.5599999999999412e+01   -1.1611606796210525e+00    4.1330286934990523e-01
   8.5699999999999406e+01   -1.1141693298292001e+00    5.2575113108007365e-01
   8.5799999999999400e+01   -1.0561835151618599e+00    6.3301135344013826e-01
   8.5899999999999395e+01   -9.8777543159109793e-01    7.3402510778212438e-01
   8.5999999999999389e+01   -9.0962012055810137e-01    8.2779560473591340e-01
   8.6099999999999383e+01   -8.2248880775825350e-01    9.1339753038506755e-01
   8.6199999999999378e+01   -7.2724129279366789e-01    9.8998617713284554e-01
   8.6299999999999372e+01   -6.2481746479102995e-01    1.0568057791563248e+00
   8.6399999999999366e+01   -5.1622802770744014e-01    1.1131969701955562e+00
   8.6499999999999361e+01   -4.0254452684564201e-01    1.1586032900853540e+00
   8.6599999999999355e+01   -2.8488877499558185e-01    1.1925766758241976e+00
   8.6699999999999349e+01   -1.6442178254364903e-01    1.2147818829951660e+00
   8.6799999999999343e+01   -4.2332300785722199e-02    1.2249997939089632e+00
   8.6899999999999338e+01    8.0174908503006848e-02    1.2231295798247610e+00
   8.6999999999999332e+01    2.0189096148719954e-01    1.2091896959123847e+00
   8.7099999999999326e+01    3.2161478136628535e-01    1.1833176991377115e+00
   8.7199999999999321e+01    4.3816495043050119e-01    1.1457688908683776e+00
   8.7299999999999315e+01    5.5039136812364242e-01    1.0969137975943861e+00
   8.7399999999999309e+01    6.5718660007241236e-01    1.0372345146235229e+00
   8.7499999999999304e+01    7.5749680609175585e-01    9.6731994883149353e-01
   8.7599999999999298e+01    8.5033213933017149e-01    8.8786000741066518e-01
   8.7699999999999292e+01    9.3477651393771144e-01    7.9963878996203341e-01
   8.7799999999999287e+01    1.0099966448707112e+00    7.0352685110990243e-01
   8.7899999999999281e+01    1.0752502706297420e+00    6.0047260999071517e-01
   8.7999999999999275e+01    1.1298934777899827e+00    4.9149299138599567e-01
   8.8099999999999270e+01    1.1733870550465897e+00    3.7766339085139145e-01
   8.8199999999999264e+01    1.2053018140742582e+00    2.6010706286451307e-01
   8.8299999999999258e+01    1.2253228246954979e+00    1.3998403670783710e-01
   8.8399999999999253e+01    1.2332525225655944e+00    1.8479669463178763e-02
   8.8499999999999247e+01    1.2290126587080767e+00   -1.0320705092482665e-01
   8.8599999999999241e+01    1.2126450716629664e+00   -2.2387533709251467e-01
   8.8699999999999235e+01    1.1843112746283710e+00   -3.4233445145723695e-01
   8.8799999999999230e+01    1.1442908616694702e+00   -4.5741545624742919e-01
   8.8899999999999224e+01    1.0929787487222120e+00   -5.6798274841506713e-01
   8.8999999999999218e+01    1.0308812766171216e+00   -6.7294526560562684e-01
   8.9099999999999213e+01    9.5861121457804754e-01   -7.7126725260662565e-01
   8.9199999999999207e+01    8.7688171350062982e-01   -8.6197848203295757e-01
   8.9299999999999201e+01    7.8649926867869535e-01   -9.4418382839275083e-01
   8.9399999999999196e+01    6.8835576142141730e-01   -1.0170721010582280e+00
   8.9499999999999190e+01    5.8341965809344687e-01   -1.0799240489790698e+00
   8.9599999999999184e+01    4.7272645342465797e-01   -1.1321194581489138e+00
   8.9699999999999179e+01    3.5736845239358278e-01   -1.1731432717882033e+00
   8.9799999999999173e+01    2.3848399151547822e-01   -1.2025906728503004e+00
   8.9899999999999167e+01    1.1724620589783684e-01   -1.2201710786974240e+00
   8.9999999999999162e+01   -5.1485470915431097e-03   -1.2257110085275311e+00
   9.0099999999999156e+01   -1.2749249331031606e-01   -1.2191557952567922e+00
   9.0199999999999150e+01   -2.4857835998630767e-01   -1.2005701249650615e+00
   9.0299999999999145e+01   -3.6721128891462412e-01   -1.1701373985811871e+00
   9.0399999999999139e+01   -4.8222062714940661e-01   -1.1281579221069755e+00
   9.0499999999999133e+01   -5.9247147884135254e-01   -1.0750459432384392e+00
   9.0599999999999127e+01   -6.9687590422910661e-01   -1.0113255636265479e+00
   9.0699999999999122e+01   -7.9440365527446111e-01   -9.3762556711473011e-01
   9.0799999999999116e+01   -8.8409234200364228e-01   -8.5467321498735993e-01
   9.0899999999999110e+01   -9.6505692923466890e-01   -7.6328706945685687e-01
   9.0999999999999105e+01   -1.0364984699784301e+00   -6.6436891620622496e-01
   9.1099999999999099e+01   -1.0977119893335245e+00   -5.5889486569425206e-01
   9.1199999999999093e+01   -1.1480934410777117e+00   -4.4790572103444348e-01
   9.1299999999999088e+01   -1.1871456683093262e+00   -3.3249670749610971e-01
   9.1399999999999082e+01   -1.2144833093199021e+00   -2.1380666497544806e-01
   9.1499999999999076e+01   -1.2298366002875627e+00   -9.3006810083793648e-02
   9.1599999999999071e+01   -1.2330540372667500e+00    2.8710821252829158e-02
   9.1699999999999065e+01   -1.2241038712061700e+00    1.5014513663605611e-01
   9.1799999999999059e+01   -1.2030744212423445e+00    2.7009783940536491e-01
   9.1899999999999054e+01   -1.1701732031772474e+00    3.8738525326015222e-01
   9.1999999999999048e+01   -1.1257248817401027e+00    5.0085000261000734e-01
   9.2099999999999042e+01   -1.0701680668401494e+00    6.0937243339313840e-01
   9.2199999999999037e+01   -1.0040509854245148e+00    7.1188166166393119e-01
   9.2299999999999031e+01   -9.2802607165070472e-01    8.0736614092374626e-01
   9.2399999999999025e+01   -8.4284352875714152e-01    8.9488364391803321e-01
   9.2499999999999019e+01   -7.4934392616231127e-01    9.7357056040080570e-01
   9.2599999999999014e+01   -6.4844990484331611e-01    1.0426504191174617e+00
   9.2699999999999008e+01   -5.4115707284399395e-01    1.1014415499122365e+00
   9.2799999999999002e+01   -4.2852418075445614e-01    1.1493638103517059e+00
   9.2899999999998997e+01   -3.1166267410903292e-01    1.1859443104869827e+00
   9.2999999999998991e+01   -1.9172572579809477e-01    1.2108220792634754e+00
   9.3099999999998985e+01   -6.9896856720367773e-02    1.2237516265307500e+00
   9.3199999999998980e+01    5.2621743034457047e-02    1.2246053655031015e+00
   9.3299999999998974e+01    1.7462107722789677e-01    1.2133748717663508e+00
   9.3399999999998968e+01    2.9489727367680552e-01    1.1901709664071809e+00
   9.3499999999998963e+01    4.1226346389388979e-01    1.1552226224447197e+00
   9.3599999999998957e+01    5.2556149493799775e-01    1.1088747053555656e+00
   9.3699999999998951e+01    6.3367335790329982e-01    1.0515845699884483e+00
   9.3799999999998946e+01    7.3553222027264908e-01    9.8391754744970716e-01
   9.3899999999998940e+01    8.3013295326942260e-01    9.0654136649437866e-01
   9.3999999999998934e+01    9.1654205032542968e-01    8.2021956447182975e-01
   9.4099999999998929e+01    9.9390683879085606e-01    7.2580395284580990e-01
   9.4199999999998923e+01    1.0614638939864007e+00    6.2422621163811653e-01
   9.4299999999998917e+01    1.1185465725689390e+00    5.1648869574072875e-01
   9.4399999999998911e+01    1.1645915908725362e+00    4.0365454381843174e-01
   9.4499999999998906e+01    1.1991445833106842e+00    2.8683718740589270e-01
   9.4599999999998900e+01    1.2218645859902471e+00    1.6718936372194371e-01
   9.4699999999998894e+01    1.2325274012934619e+00    4.5891740621074609e-02
   9.4799999999998889e+01    1.2310278102267893e+00   -7.5858734070488099e-02
   9.4899999999998883e+01    1.2173806107054828e+00   -1.9686064386700713e-01
   9.4999999999998877e+01    1.1917204715282490e+00   -3.1591995903140319e-01
   9.5099999999998872e+01    1.1543006034829704e+00   -4.3186181909187321e-01
   9.5199999999998866e+01    1.1054902606968473e+00   -5.4354212619875053e-01
   9.5299999999998860e+01    1.0457710968873002e+00   -6.4985883492000152e-01
   9.5399999999998855e+01    9.7573241246964604e-01   -7.4976282706925701e-01
   9.5499999999998849e+01    8.9606533942243605e-01   -8.4226826425511725e-01
   9.5599999999998843e+01    8.0755602129339443e-01   -9.2646231599424367e-01
   9.5699999999998838e+01    7.1107785564471004e-01   -1.0015141673926007e+00
   9.5799999999998832e+01    6.0758287548814649e-01   -1.0666832175083318e+00
   9.5899999999998826e+01    4.9809235475676350e-01   -1.1213263874959940e+00
   9.5999999999998820e+01    3.8368673051713637e-01   -1.1649044664164279e+00
   9.6099999999998815e+01    2.6549494136826907e-01   -1.1969874320927212e+00
   9.6199999999998809e+01    1.4468328723438176e-01   -1.2172586945068258e+00
   9.6299999999998803e+01    2.2443920481569180e-02   -1.2255182198636021e+00
   9.6399999999998798e+01   -1.0001691807363018e-01   -1.2216845044944857e+00
   9.6499999999998792e+01   -2.2149080217834599e-01   -1.2057953791225873e+00
   9.6599999999998786e+01   -3.4077904472290577e-01   -1.1780076355528681e+00
   9.6699999999998781e+01   -4.5670452621571633e-01   -1.1385954794711766e+00
   9.6799999999998775e+01   -5.6812331043177999e-01   -1.0879478246197178e+00
   9.6899999999998769e+01   -6.7393593261326967e-01   -1.0265644550496713e+00
   9.6999999999998764e+01   -7.7309824883179912e-01   -9.5505109332131644e-01
   9.7099999999998758e+01   -8.6463173945242133e-01   -8.7411342331798714e-01
   9.7199999999998752e+01   -9.4763316502623451e-01   -7.8455012665589552e-01
   9.7299999999998747e+01   -1.0212834793286212e+00   -6.8724500140556244e-01
   9.7399999999998741e+01   -1.0848559115905279e+00   -5.8315824089620927e-01
   9.7499999999998735e+01   -1.1377231381684816e+00   -4.7331695866265017e-01
   9.7599999999998730e+01   -1.1793634728843274e+00   -3.5880505303317711e-01
   9.7699999999998724e+01   -1.2093660149493035e+00   -2.4075251137326376e-01
   9.7799999999998718e+01   -1.2274347036734794e+00   -1.2032425952930552e-01
   9.7899999999998712e+01   -1.2333912399492741e+00    1.2913334954836597e-03
   9.7999999999998707e+01   -1.2271768456802805e+00    1.2289418219877978e-01
   9.8099999999998701e+01   -1.2088528437936175e+00    2.4328432685345805e-01
   9.8199999999998695e+01   -1.1786000531123459e+00    3.6127377454061216e-01
   9.8299999999998690e+01   -1.1367170040592776e+00    4.7569822209564261e-01
   9.8399999999998684e+01   -1.0836169927993753e+00    5.8542854528704080e-01
   9.8499999999998678e+01   -1.0198240028900669e+00    6.8938194085427884e-01
   9.8599999999998673e+01   -9.4596753468406480e-01    7.8653261145675424e-01
   9.8699999999998667e+01   -8.6277639350743107e-01    8.7592188809623017e-01
   9.8799999999998661e+01   -7.7107149791028007e-01    9.5666769012614306e-01
   9.8899999999998656e+01   -6.7175777895729927e-01    1.0279732294977528e+00
   9.8999999999998650e+01   -5.6581525049475612e-01    1.0891348733508739e+00
   9.9099999999998644e+01   -4.5428933851134601e-01    1.1395490873622647e+00
   9.9199999999998639e+01   -3.3828056502139053e-01    1.1787183913357056e+00
   9.9299999999998633e+01   -2.1893368826837917e-01    1.2062562682648599e+00
   9.9399999999998627e+01   -9.7426406411797173e-02    1.2218909784269909e+00
   9.9499999999998622e+01    2.5042263832331713e-02    1.2254682408706119e+00
   9.9599999999998616e+01    1.4726381891925067e-01    1.2169527558365452e+00
   9.9699999999998610e+01    2.6803219381780241e-01    1.1964285530893672e+00
   9.9799999999998604e+01    3.8615566328969514e-01    1.1640981627219720e+00
   9.9899999999998599e+01    5.0046860166555929e-01    1.1202806166156498e+00
   9.9999999999998593e+01    6.0984298507398982e-01    1.0654083002770092e+00
