   0.0000000000000000e+00    1.0000000000000002e+00    1.0000000000000000e+00
   1.0000000000000000e+00    2.0000000000000004e+00    2.0000000000000000e+00
   2.0000000000000000e+00    3.0000000000000000e+00    3.0000000000000000e+00
   3.0000000000000000e+00    4.0000000000000000e+00    4.0000000000000000e+00
   4.0000000000000000e+00    5.0000000000000009e+00    5.0000000000000000e+00
   5.0000000000000000e+00    6.0000000000000018e+00    6.0000000000000000e+00
   6.0000000000000000e+00    7.0000000000000000e+00    7.0000000000000000e+00
   7.0000000000000000e+00    8.0000000000000018e+00    8.0000000000000000e+00
   8.0000000000000000e+00    9.0000000000000018e+00    9.0000000000000000e+00
   9.0000000000000000e+00    1.0000000000000000e+01    1.0000000000000000e+01
   1.0000000000000000e+01    1.1000000000000000e+01    1.1000000000000000e+01
   1.1000000000000000e+01    1.2000000000000000e+01    1.2000000000000000e+01
   1.2000000000000000e+01    1.3000000000000002e+01    1.3000000000000000e+01
   1.3000000000000000e+01    1.4000000000000005e+01    1.4000000000000000e+01
   1.4000000000000000e+01    1.5000000000000002e+01    1.5000000000000000e+01
   1.5000000000000000e+01    1.6000000000000000e+01    1.6000000000000000e+01
