   1.2340000000000001e-01    3.1162799192495232e+00
   2.4680000000000002e-01    2.1139936173142222e+00
   3.7020000000000003e-01    2.4814725333469658e+00
   4.9360000000000004e-01    3.7960020428005614e+00
   6.1699999999999999e-01    6.3688280640121429e+00
   7.4039999999999995e-01    6.2900002954893459e+00
   8.6379999999999990e-01    7.6907970317942542e+00
   9.8719999999999986e-01    1.0926463240913868e+01
   1.1105999999999998e+00    2.1114436477550395e+01
   1.2339999999999998e+00    2.0819733783004125e+01
   1.3573999999999997e+00    6.1888654426738361e+00
   1.4807999999999997e+00    5.7554931547383470e+00
   1.6041999999999996e+00    5.2339372315978903e+00
   1.7275999999999996e+00    3.5670876777086247e+00
   1.8509999999999995e+00    3.7182626910227441e+00
   1.9743999999999995e+00    2.3715810361265102e+00
   2.0977999999999994e+00    1.2268595681703409e+00
   2.2211999999999996e+00    8.3054689689552541e-01
   2.3445999999999998e+00    1.2373835804904405e+00
   2.4680000000000000e+00    1.2131453733308388e+00
   2.5914000000000001e+00    2.0666704703923888e+00
