              1.00000e-20    1.0000000000000000e+00    1.0000000000000000e+00    1.0000000000000000e+00    1.0000000000000000e+00
              1.00000e-19    1.0000000000000000e+00    1.0000000000000000e+00    1.0000000000000000e+00    1.0000000000000000e+00
              1.00000e-18    1.0000000000000000e+00    1.0000000000000000e+00    1.0000000000000000e+00    1.0000000000000000e+00
              1.00000e-17    1.0000000000000000e+00    1.0000000000000000e+00    1.0000000000000000e+00    1.0000000000000000e+00
              1.00000e-16    1.0000000000000000e+00    1.0000000000000000e+00    1.0000000000000000e+00    1.0000000000000000e+00
              1.00000e-15    3.8072377556474080e-01    2.3807237755647410e+00    7.3147215403481614e-01    1.5771573846782720e+00
              1.00000e-14    4.1110266252445848e-02    9.9189085135584332e-02    7.6741847557342258e-02    3.0717721705184386e-02
              1.00000e-13    7.2150658923201272e-03    2.1467698414278757e-02    3.6519077618305529e-03    8.4027852691500593e-03
              1.00000e-12    2.2236806123421271e-04    3.0283550889947941e-03    1.3394775181474472e-04    2.1821050330035341e-03
              1.00000e-11    1.4442397712977062e-04    2.6979315553976591e-04    1.0934913928273282e-04    2.1356206629286056e-04
              1.00000e-10    5.2381126575129500e-06    3.3297982935054371e-05    1.6749545269645338e-06    2.4835482375196172e-05
              1.00000e-09    3.3877022809214452e-07    1.7640334802893065e-06    3.4247888747174215e-08    4.4826310807710712e-07
              1.00000e-08    1.5281791310162163e-07    1.6563934468472041e-07    6.5425522333129038e-08    1.1144964817688674e-07
              1.00000e-07    1.8390824984004794e-06    9.7511765329016953e-09    7.5078706585074428e-09    1.5652657170406314e-08
              1.00000e-06    1.8301574558066136e-05    2.2128701093748759e-09    6.4879124295202928e-10    1.2664063131495595e-09
              1.00000e-05    1.8301383150043371e-04    3.5568488154780198e-09    7.2133533590701404e-09    9.0929486162849571e-12
              1.00000e-04    1.8307811942512853e-03    3.5747087068216388e-07    7.1590240069419053e-07    2.2088997297942115e-12
              1.00000e-03    1.8371617333040380e-02    3.5320881291545092e-05    7.1588432254410250e-05    3.9500547277526721e-10
              1.00000e-02    1.8952026714716863e-01    3.0936867737620943e-03    7.1431517188227378e-03    3.9614562499235006e-06
              1.00000e-01    1.8529682902121127e+00    1.6342512719540214e-01    5.7334083851111739e-01    3.4649091690346578e-02
