1    5.8309518948453007e+00
2    8.6023252670426267e+00
3    1.7029386365926403e+01
4    2.5495097567963924e+01
5    4.2449970553582247e+01
6    5.9413803110051795e+01
7    8.4864598037108507e+01
8    1.0183319694480774e+02
9    1.4425671561490648e+02
10    1.5274161188098023e+02
11    1.9516659550240661e+02
12    2.1213674834879504e+02
13    2.5456236956785267e+02
14    2.7153268679847736e+02
15    2.8001785657346926e+02
16    3.2244379355168240e+02
17    3.3941420123501018e+02
18    3.8184028074575895e+02
19    3.9881073205218536e+02
20    4.4123689782247357e+02
